# This file was generated by Animated Java via MC-Build. It is not recommended to edit this file directly.
$data merge entity $(bone_rightleg) {transformation: [-1f,0f,0f,-0.1826f,0f,1f,0f,0.0746f,0f,0f,-1f,0.2452f,0f,0f,0f,1f],start_interpolation: 0,interpolation_duration: 1}
$data merge entity $(bone_leftleg) {transformation: [-1f,0f,0f,0f,0f,1f,0f,0.522f,0f,0f,-1f,-0.0247f,0f,0f,0f,1f],start_interpolation: 0,interpolation_duration: 1}
$data merge entity $(bone_bottom) {transformation: [-1f,0f,0f,0f,0f,1f,0f,0.522f,0f,0f,-1f,-0.0247f,0f,0f,0f,1f],start_interpolation: 0,interpolation_duration: 1}
$data merge entity $(bone_cape) {transformation: [-1f,0f,0f,-0.0313f,0f,1f,0f,0.4126f,0f,0f,-1f,0.0378f,0f,0f,0f,1f],start_interpolation: 0,interpolation_duration: 1}
$data merge entity $(bone_hat) {transformation: [-0.9873f,-0.1581f,-0.0154f,-0.0084f,-0.1027f,0.5613f,0.8212f,0.7713f,-0.1212f,0.8124f,-0.5704f,0.157f,0f,0f,0f,1f],start_interpolation: 0,interpolation_duration: 1}
$data merge entity $(bone_head_hat) {transformation: [-0.9973f,-0.0715f,-0.0154f,0.0156f,-0.0534f,0.5681f,0.8212f,0.5064f,-0.05f,0.8199f,-0.5704f,-0.0404f,0f,0f,0f,1f],start_interpolation: 0,interpolation_duration: 1}
$data merge entity $(bone_rightarm) {transformation: [-1f,0f,0f,-0.1736f,0f,0.9239f,-0.3827f,0.5015f,0f,-0.3827f,-0.9239f,-0.0625f,0f,0f,0f,1f],start_interpolation: 0,interpolation_duration: 1}
$data merge entity $(bone_leftarm) {transformation: [-1f,0f,0f,0.1736f,0f,0.8192f,-0.5736f,0.5015f,0f,-0.5736f,-0.8192f,-0.0625f,0f,0f,0f,1f],start_interpolation: 0,interpolation_duration: 1}
$data merge entity $(bone_staff) {transformation: [0.3238f,1.2031f,0.0494f,0.5469f,-0.1499f,-0.0104f,1.2378f,0.0313f,1.1948f,-0.3274f,0.142f,0.8125f,0f,0f,0f,1f],start_interpolation: 0,interpolation_duration: 1}
$data merge entity $(bone_jacket) {transformation: [-1f,0f,0f,0f,0f,0.9914f,0.1305f,0.522f,0f,0.1305f,-0.9914f,-0.0247f,0f,0f,0f,1f],start_interpolation: 0,interpolation_duration: 1}
execute on vehicle unless entity @s[tag=aj.transforms_only] run function animated_java:glacial_wraith/variants/default/apply