# This file was generated by Animated Java via MC-Build. It is not recommended to edit this file directly.
$data merge entity $(bone_hat) {transformation: [-0.9837f,-0.1729f,-0.0491f,-0.0186f,-0.1501f,0.6398f,0.7538f,0.7952f,-0.0989f,0.7489f,-0.6553f,0.1328f,0f,0f,0f,1f],start_interpolation: 0,interpolation_duration: 1}
$data merge entity $(bone_head_hat) {transformation: [-0.995f,-0.0865f,-0.0491f,0.0137f,-0.0938f,0.6504f,0.7538f,0.5116f,-0.0333f,0.7546f,-0.6553f,-0.0351f,0f,0f,0f,1f],start_interpolation: 0,interpolation_duration: 1}
$data merge entity $(bone_rightarm) {transformation: [-1f,0f,0f,-0.1736f,0f,0.9537f,-0.3007f,0.5015f,0f,-0.3007f,-0.9537f,-0.0625f,0f,0f,0f,1f],start_interpolation: 0,interpolation_duration: 1}
$data merge entity $(bone_leftarm) {transformation: [-1f,0f,0f,0.1736f,0f,0.1947f,-0.9809f,0.5015f,0f,-0.9809f,-0.1947f,-0.0625f,0f,0f,0f,1f],start_interpolation: 0,interpolation_duration: 1}
$data merge entity $(bone_staff) {transformation: [0.5437f,1.0174f,-0.4733f,0.7638f,-0.3788f,0.6615f,0.9868f,0.3272f,1.0563f,-0.2865f,0.5975f,0.5374f,0f,0f,0f,1f],start_interpolation: 0,interpolation_duration: 1}
$data merge entity $(bone_jacket) {transformation: [-1f,0f,0f,0f,0f,0.9938f,0.1115f,0.522f,0f,0.1115f,-0.9938f,-0.0247f,0f,0f,0f,1f],start_interpolation: 0,interpolation_duration: 1}