# This file was generated by Animated Java via MC-Build. It is not recommended to edit this file directly.
$data merge entity $(bone_hat) {transformation: [-0.9823f,-0.179f,-0.0548f,-0.0221f,-0.1631f,0.6744f,0.7201f,0.8042f,-0.0919f,0.7163f,-0.6917f,0.1199f,0f,0f,0f,1f],start_interpolation: 0,interpolation_duration: 1}
$data merge entity $(bone_head_hat) {transformation: [-0.9942f,-0.0927f,-0.0548f,0.0128f,-0.1037f,0.686f,0.7201f,0.5129f,-0.0291f,0.7216f,-0.6917f,-0.0338f,0f,0f,0f,1f],start_interpolation: 0,interpolation_duration: 1}
$data merge entity $(bone_rightarm) {transformation: [-1f,0.0007f,-0.0002f,-0.1736f,0.0007f,0.9549f,-0.2971f,0.5015f,0f,-0.2971f,-0.9549f,-0.0625f,0f,0f,0f,1f],start_interpolation: 0,interpolation_duration: 1}
$data merge entity $(bone_leftarm) {transformation: [-1f,0f,0f,0.1736f,0f,0.1911f,-0.9816f,0.5015f,0f,-0.9816f,-0.1911f,-0.0625f,0f,0f,0f,1f],start_interpolation: 0,interpolation_duration: 1}
$data merge entity $(bone_staff) {transformation: [0.574f,0.7844f,-0.7811f,0.8122f,-0.4294f,0.9688f,0.6572f,0.3881f,1.0203f,-0.0335f,0.7161f,0.4818f,0f,0f,0f,1f],start_interpolation: 0,interpolation_duration: 1}
$data merge entity $(bone_jacket) {transformation: [-1f,0f,0f,0f,0f,0.9947f,0.1026f,0.522f,0f,0.1026f,-0.9947f,-0.0247f,0f,0f,0f,1f],start_interpolation: 0,interpolation_duration: 1}