# This file was generated by Animated Java via MC-Build. It is not recommended to edit this file directly.
$data merge entity $(bone_hat) {transformation: [-0.9807f,-0.1865f,-0.0591f,-0.0261f,-0.1767f,0.7142f,0.6773f,0.8138f,-0.0841f,0.6746f,-0.7334f,0.1036f,0f,0f,0f,1f],start_interpolation: 0,interpolation_duration: 1}
$data merge entity $(bone_head_hat) {transformation: [-0.9932f,-0.1003f,-0.0591f,0.0117f,-0.1137f,0.7269f,0.6773f,0.5142f,-0.025f,0.6794f,-0.7334f,-0.0325f,0f,0f,0f,1f],start_interpolation: 0,interpolation_duration: 1}
$data merge entity $(bone_rightarm) {transformation: [-1f,0.0024f,-0.0007f,-0.1736f,0.0025f,0.9555f,-0.2951f,0.5015f,0f,-0.2951f,-0.9555f,-0.0625f,0f,0f,0f,1f],start_interpolation: 0,interpolation_duration: 1}
$data merge entity $(bone_leftarm) {transformation: [-1f,0f,0f,0.1736f,0f,0.1887f,-0.982f,0.5015f,0f,-0.982f,-0.1887f,-0.0625f,0f,0f,0f,1f],start_interpolation: 0,interpolation_duration: 1}
$data merge entity $(bone_staff) {transformation: [0.5982f,0.4912f,-0.9776f,0.8588f,-0.4775f,1.1197f,0.2704f,0.4413f,0.9844f,0.2446f,0.7252f,0.4344f,0f,0f,0f,1f],start_interpolation: 0,interpolation_duration: 1}
$data merge entity $(bone_jacket) {transformation: [-1f,0f,0f,0f,0f,0.9957f,0.093f,0.522f,0f,0.093f,-0.9957f,-0.0247f,0f,0f,0f,1f],start_interpolation: 0,interpolation_duration: 1}