# This file was generated by Animated Java via MC-Build. It is not recommended to edit this file directly.
$data merge entity $(bone_hat) {transformation: [-0.9788f,-0.1955f,-0.0614f,-0.0305f,-0.1905f,0.7581f,0.6237f,0.8235f,-0.0753f,0.6222f,-0.7792f,0.0834f,0f,0f,0f,1f],start_interpolation: 0,interpolation_duration: 1}
$data merge entity $(bone_head_hat) {transformation: [-0.9921f,-0.1094f,-0.0614f,0.0103f,-0.1237f,0.7718f,0.6237f,0.5155f,-0.0208f,0.6264f,-0.7792f,-0.0312f,0f,0f,0f,1f],start_interpolation: 0,interpolation_duration: 1}
$data merge entity $(bone_rightarm) {transformation: [-1f,0.0046f,-0.0014f,-0.1736f,0.0048f,0.9556f,-0.2945f,0.5015f,0f,-0.2945f,-0.9556f,-0.0625f,0f,0f,0f,1f],start_interpolation: 0,interpolation_duration: 1}
$data merge entity $(bone_leftarm) {transformation: [-1f,0f,0f,0.1736f,0f,0.1873f,-0.9823f,0.5015f,0f,-0.9823f,-0.1873f,-0.0625f,0f,0f,0f,1f],start_interpolation: 0,interpolation_duration: 1}
$data merge entity $(bone_staff) {transformation: [0.6155f,0.2263f,-1.0606f,0.9017f,-0.5184f,1.1325f,-0.0593f,0.4835f,0.9525f,0.4702f,0.6531f,0.3971f,0f,0f,0f,1f],start_interpolation: 0,interpolation_duration: 1}
$data merge entity $(bone_jacket) {transformation: [-1f,0f,0f,0f,0f,0.9966f,0.0828f,0.522f,0f,0.0828f,-0.9966f,-0.0247f,0f,0f,0f,1f],start_interpolation: 0,interpolation_duration: 1}