# This file was generated by Animated Java via MC-Build. It is not recommended to edit this file directly.
$data merge entity $(bone_hat) {transformation: [-0.9767f,-0.2058f,-0.0613f,-0.0354f,-0.2045f,0.8044f,0.5578f,0.8328f,-0.0655f,0.5573f,-0.8277f,0.059f,0f,0f,0f,1f],start_interpolation: 0,interpolation_duration: 1}
$data merge entity $(bone_head_hat) {transformation: [-0.9909f,-0.1199f,-0.0613f,0.0087f,-0.1337f,0.8191f,0.5578f,0.5168f,-0.0167f,0.5609f,-0.8277f,-0.03f,0f,0f,0f,1f],start_interpolation: 0,interpolation_duration: 1}
$data merge entity $(bone_rightarm) {transformation: [-1f,0.0069f,-0.0021f,-0.1736f,0.0072f,0.9555f,-0.295f,0.5015f,0f,-0.295f,-0.9555f,-0.0625f,0f,0f,0f,1f],start_interpolation: 0,interpolation_duration: 1}
$data merge entity $(bone_leftarm) {transformation: [-1f,0f,0f,0.1736f,0f,0.1871f,-0.9823f,0.5015f,0f,-0.9823f,-0.1871f,-0.0625f,0f,0f,0f,1f],start_interpolation: 0,interpolation_duration: 1}
$data merge entity $(bone_staff) {transformation: [0.6235f,0.0188f,-1.0797f,0.9371f,-0.5399f,1.0851f,-0.2928f,0.5204f,0.9352f,0.6139f,0.5507f,0.3637f,0f,0f,0f,1f],start_interpolation: 0,interpolation_duration: 1}
$data merge entity $(bone_jacket) {transformation: [-1f,0f,0f,0f,0f,0.9974f,0.0721f,0.522f,0f,0.0721f,-0.9974f,-0.0247f,0f,0f,0f,1f],start_interpolation: 0,interpolation_duration: 1}