# This file was generated by Animated Java via MC-Build. It is not recommended to edit this file directly.
$data merge entity $(bone_hat) {transformation: [-0.9743f,-0.2175f,-0.058f,-0.0405f,-0.2184f,0.8509f,0.4777f,0.8405f,-0.0545f,0.4781f,-0.8766f,0.0301f,0f,0f,0f,1f],start_interpolation: 0,interpolation_duration: 1}
$data merge entity $(bone_head_hat) {transformation: [-0.9896f,-0.1317f,-0.058f,0.0069f,-0.1434f,0.8667f,0.4777f,0.5181f,-0.0127f,0.4811f,-0.8766f,-0.0287f,0f,0f,0f,1f],start_interpolation: 0,interpolation_duration: 1}
$data merge entity $(bone_rightarm) {transformation: [-1f,0.0086f,-0.0027f,-0.1736f,0.009f,0.9551f,-0.2961f,0.5015f,0f,-0.2961f,-0.9551f,-0.0625f,0f,0f,0f,1f],start_interpolation: 0,interpolation_duration: 1}
$data merge entity $(bone_leftarm) {transformation: [-1f,0f,0f,0.1736f,0f,0.188f,-0.9822f,0.5015f,0f,-0.9822f,-0.188f,-0.0625f,0f,0f,0f,1f],start_interpolation: 0,interpolation_duration: 1}
$data merge entity $(bone_staff) {transformation: [0.6235f,-0.127f,-1.0724f,0.9597f,-0.5399f,1.0357f,-0.4365f,0.5527f,0.9352f,0.6826f,0.4629f,0.3339f,0f,0f,0f,1f],start_interpolation: 0,interpolation_duration: 1}
$data merge entity $(bone_jacket) {transformation: [-1f,0f,0f,0f,0f,0.9981f,0.0609f,0.522f,0f,0.0609f,-0.9981f,-0.0247f,0f,0f,0f,1f],start_interpolation: 0,interpolation_duration: 1}