# This file was generated by Animated Java via MC-Build. It is not recommended to edit this file directly.
$data merge entity $(bone_hat) {transformation: [-0.9719f,-0.2299f,-0.0508f,-0.0457f,-0.2316f,0.8948f,0.3817f,0.8457f,-0.0423f,0.3827f,-0.9229f,-0.0038f,0f,0f,0f,1f],start_interpolation: 0,interpolation_duration: 1}
$data merge entity $(bone_head_hat) {transformation: [-0.9882f,-0.1443f,-0.0508f,0.0049f,-0.1527f,0.9116f,0.3817f,0.5193f,-0.0088f,0.3849f,-0.9229f,-0.0275f,0f,0f,0f,1f],start_interpolation: 0,interpolation_duration: 1}
$data merge entity $(bone_rightarm) {transformation: [-1f,0.0093f,-0.0029f,-0.1736f,0.0097f,0.9546f,-0.2976f,0.5015f,0f,-0.2976f,-0.9547f,-0.0625f,0f,0f,0f,1f],start_interpolation: 0,interpolation_duration: 1}
$data merge entity $(bone_leftarm) {transformation: [-1f,0f,0f,0.1736f,0f,0.1902f,-0.9817f,0.5015f,0f,-0.9817f,-0.1902f,-0.0625f,0f,0f,0f,1f],start_interpolation: 0,interpolation_duration: 1}
$data merge entity $(bone_staff) {transformation: [0.6235f,-0.2145f,-1.0584f,0.9637f,-0.5399f,0.9964f,-0.52f,0.5804f,0.9352f,0.7183f,0.4053f,0.3081f,0f,0f,0f,1f],start_interpolation: 0,interpolation_duration: 1}
$data merge entity $(bone_jacket) {transformation: [-1f,0f,0f,0f,0f,0.9988f,0.0489f,0.522f,0f,0.0489f,-0.9988f,-0.0247f,0f,0f,0f,1f],start_interpolation: 0,interpolation_duration: 1}