# This file was generated by Animated Java via MC-Build. It is not recommended to edit this file directly.
$data merge entity $(bone_hat) {transformation: [-0.9694f,-0.2422f,-0.0389f,-0.0505f,-0.2437f,0.9321f,0.2681f,0.8469f,-0.0287f,0.2694f,-0.9626f,-0.0426f,0f,0f,0f,1f],start_interpolation: 0,interpolation_duration: 1}
$data merge entity $(bone_head_hat) {transformation: [-0.9869f,-0.1568f,-0.0389f,0.0029f,-0.1615f,0.9498f,0.2681f,0.5204f,-0.0051f,0.2709f,-0.9626f,-0.0263f,0f,0f,0f,1f],start_interpolation: 0,interpolation_duration: 1}
$data merge entity $(bone_rightarm) {transformation: [-1f,0.0084f,-0.0026f,-0.1736f,0.0088f,0.9542f,-0.2991f,0.5015f,0f,-0.2991f,-0.9542f,-0.0625f,0f,0f,0f,1f],start_interpolation: 0,interpolation_duration: 1}
$data merge entity $(bone_leftarm) {transformation: [-1f,0f,0f,0.1736f,0f,0.1938f,-0.981f,0.5015f,0f,-0.981f,-0.1938f,-0.0625f,0f,0f,0f,1f],start_interpolation: 0,interpolation_duration: 1}
$data merge entity $(bone_staff) {transformation: [0.6235f,-0.2677f,-1.0462f,0.9385f,-0.5399f,0.9689f,-0.5697f,0.6028f,0.9352f,0.7378f,0.3686f,0.2869f,0f,0f,0f,1f],start_interpolation: 0,interpolation_duration: 1}
$data merge entity $(bone_jacket) {transformation: [-1f,0f,0f,0f,0f,0.9994f,0.036f,0.522f,0f,0.036f,-0.9994f,-0.0247f,0f,0f,0f,1f],start_interpolation: 0,interpolation_duration: 1}