# This file was generated by Animated Java via MC-Build. It is not recommended to edit this file directly.
$data merge entity $(bone_hat) {transformation: [-0.9672f,-0.2531f,-0.0215f,-0.054f,-0.2536f,0.9576f,0.1365f,0.8423f,-0.0139f,0.1375f,-0.9904f,-0.0862f,0f,0f,0f,1f],start_interpolation: 0,interpolation_duration: 1}
$data merge entity $(bone_head_hat) {transformation: [-0.9856f,-0.1678f,-0.0215f,0.001f,-0.1692f,0.9761f,0.1365f,0.5214f,-0.0019f,0.1381f,-0.9904f,-0.0253f,0f,0f,0f,1f],start_interpolation: 0,interpolation_duration: 1}
$data merge entity $(bone_rightarm) {transformation: [-1f,0.0055f,-0.0017f,-0.1736f,0.0057f,0.9538f,-0.3002f,0.5015f,0f,-0.3002f,-0.9539f,-0.0625f,0f,0f,0f,1f],start_interpolation: 0,interpolation_duration: 1}
$data merge entity $(bone_leftarm) {transformation: [-1f,0f,0f,0.1736f,0f,0.1991f,-0.98f,0.5015f,0f,-0.98f,-0.1991f,-0.0625f,0f,0f,0f,1f],start_interpolation: 0,interpolation_duration: 1}
$data merge entity $(bone_staff) {transformation: [0.6235f,-0.2978f,-1.038f,0.8572f,-0.5399f,0.952f,-0.5974f,0.6186f,0.9352f,0.7482f,0.3471f,0.2718f,0f,0f,0f,1f],start_interpolation: 0,interpolation_duration: 1}
$data merge entity $(bone_jacket) {transformation: [-1f,0f,0f,0f,0f,0.9998f,0.0215f,0.522f,0f,0.0215f,-0.9998f,-0.0247f,0f,0f,0f,1f],start_interpolation: 0,interpolation_duration: 1}