# This file was generated by Animated Java via MC-Build. It is not recommended to edit this file directly.
$data merge entity $(bone_hat) {transformation: [-0.9239f,-0.3827f,0f,-0.0944f,-0.3827f,0.9239f,0f,0.8215f,0f,0f,-1f,-0.13f,0f,0f,0f,1f],start_interpolation: 0,interpolation_duration: 1}
$data merge entity $(bone_head_hat) {transformation: [-0.9537f,-0.3007f,0f,0f,-0.3007f,0.9537f,0f,0.522f,0f,0f,-1f,-0.0247f,0f,0f,0f,1f],start_interpolation: 0,interpolation_duration: 1}
$data merge entity $(bone_rightarm) {transformation: [-0.9914f,-0.1245f,0.0392f,-0.2049f,-0.1305f,0.9456f,-0.2981f,0.5015f,0f,-0.3007f,-0.9537f,-0.0625f,0f,0f,0f,1f],start_interpolation: 0,interpolation_duration: 1}
$data merge entity $(bone_leftarm) {transformation: [-1f,0f,0f,0.1267f,0f,0.217f,-0.9762f,0.5015f,0f,-0.9762f,-0.217f,-0.0625f,0f,0f,0f,1f],start_interpolation: 0,interpolation_duration: 1}
$data merge entity $(bone_staff) {transformation: [0.6235f,-0.312f,-1.0338f,0.3624f,-0.5399f,0.9437f,-0.6105f,0.622f,0.9352f,0.7529f,0.3368f,0.2578f,0f,0f,0f,1f],start_interpolation: 0,interpolation_duration: 1}
$data merge entity $(bone_jacket) {transformation: [-0.9914f,-0.1305f,0f,-0.0312f,-0.1305f,0.9914f,0f,0.522f,0f,0f,-1f,-0.0247f,0f,0f,0f,1f],start_interpolation: 0,interpolation_duration: 1}