# This file was generated by Animated Java via MC-Build. It is not recommended to edit this file directly.
$data merge entity $(bone_hat) {transformation: [-0.9264f,-0.3765f,-0.0077f,-0.0932f,-0.3765f,0.9261f,0.0248f,0.8246f,-0.0023f,0.0259f,-0.9997f,-0.1218f,0f,0f,0f,1f],start_interpolation: 0,interpolation_duration: 1}
$data merge entity $(bone_head_hat) {transformation: [-0.9557f,-0.2943f,-0.0077f,0f,-0.2944f,0.9554f,0.0248f,0.522f,0f,0.026f,-0.9997f,-0.0247f,0f,0f,0f,1f],start_interpolation: 0,interpolation_duration: 1}
$data merge entity $(bone_rightarm) {transformation: [-0.9923f,-0.1192f,0.0342f,-0.2022f,-0.124f,0.9538f,-0.2737f,0.5015f,0f,-0.2758f,-0.9612f,-0.0625f,0f,0f,0f,1f],start_interpolation: 0,interpolation_duration: 1}
$data merge entity $(bone_leftarm) {transformation: [-1f,0f,0f,0.1284f,0f,0.2326f,-0.9726f,0.5015f,0f,-0.9726f,-0.2326f,-0.0625f,0f,0f,0f,1f],start_interpolation: 0,interpolation_duration: 1}
$data merge entity $(bone_staff) {transformation: [0.6235f,-0.3026f,-1.0366f,0.3588f,-0.5399f,0.9493f,-0.6018f,0.6024f,0.9352f,0.7498f,0.3436f,0.2624f,0f,0f,0f,1f],start_interpolation: 0,interpolation_duration: 1}
$data merge entity $(bone_jacket) {transformation: [-0.9923f,-0.1239f,-0.0032f,-0.0285f,-0.124f,0.992f,0.0258f,0.522f,0f,0.026f,-0.9997f,-0.0247f,0f,0f,0f,1f],start_interpolation: 0,interpolation_duration: 1}