# This file was generated by Animated Java via MC-Build. It is not recommended to edit this file directly.
$data merge entity $(bone_hat) {transformation: [-0.934f,-0.3571f,-0.0082f,-0.087f,-0.3572f,0.9336f,0.0286f,0.8269f,-0.0026f,0.0296f,-0.9996f,-0.1206f,0f,0f,0f,1f],start_interpolation: 0,interpolation_duration: 1}
$data merge entity $(bone_head_hat) {transformation: [-0.9616f,-0.2744f,-0.0082f,0f,-0.2745f,0.9612f,0.0286f,0.522f,0f,0.0297f,-0.9996f,-0.0247f,0f,0f,0f,1f],start_interpolation: 0,interpolation_duration: 1}
$data merge entity $(bone_rightarm) {transformation: [-0.9946f,-0.0994f,0.0281f,-0.1943f,-0.1033f,0.9571f,-0.2708f,0.5015f,0f,-0.2722f,-0.9622f,-0.0625f,0f,0f,0f,1f],start_interpolation: 0,interpolation_duration: 1}
$data merge entity $(bone_leftarm) {transformation: [-1f,0f,0f,0.133f,0f,0.2657f,-0.9641f,0.5015f,0f,-0.9641f,-0.2657f,-0.0625f,0f,0f,0f,1f],start_interpolation: 0,interpolation_duration: 1}
$data merge entity $(bone_staff) {transformation: [0.6235f,-0.2848f,-1.0417f,0.3714f,-0.5399f,0.9594f,-0.5855f,0.5738f,0.9352f,0.7438f,0.3564f,0.2708f,0f,0f,0f,1f],start_interpolation: 0,interpolation_duration: 1}
$data merge entity $(bone_jacket) {transformation: [-0.9946f,-0.1033f,-0.0031f,-0.0207f,-0.1033f,0.9942f,0.0296f,0.522f,0f,0.0297f,-0.9996f,-0.0247f,0f,0f,0f,1f],start_interpolation: 0,interpolation_duration: 1}