# This file was generated by Animated Java via MC-Build. It is not recommended to edit this file directly.
$data merge entity $(bone_hat) {transformation: [-0.9452f,-0.3264f,-0.0061f,-0.0769f,-0.3264f,0.9449f,0.0242f,0.8291f,-0.0022f,0.0249f,-0.9997f,-0.1221f,0f,0f,0f,1f],start_interpolation: 0,interpolation_duration: 1}
$data merge entity $(bone_head_hat) {transformation: [-0.9701f,-0.2428f,-0.0061f,0f,-0.2429f,0.9698f,0.0242f,0.522f,0f,0.025f,-0.9997f,-0.0247f,0f,0f,0f,1f],start_interpolation: 0,interpolation_duration: 1}
$data merge entity $(bone_rightarm) {transformation: [-0.9975f,-0.068f,0.0196f,-0.1841f,-0.0707f,0.9585f,-0.2761f,0.5015f,0f,-0.2768f,-0.9609f,-0.0625f,0f,0f,0f,1f],start_interpolation: 0,interpolation_duration: 1}
$data merge entity $(bone_leftarm) {transformation: [-1f,0f,0f,0.1395f,0f,0.3238f,-0.9461f,0.5015f,0f,-0.9461f,-0.3238f,-0.0625f,0f,0f,0f,1f],start_interpolation: 0,interpolation_duration: 1}
$data merge entity $(bone_staff) {transformation: [0.6235f,-0.2599f,-1.0481f,0.3898f,-0.5399f,0.9731f,-0.5625f,0.5436f,0.9352f,0.7351f,0.374f,0.2742f,0f,0f,0f,1f],start_interpolation: 0,interpolation_duration: 1}
$data merge entity $(bone_jacket) {transformation: [-0.9975f,-0.0707f,-0.0018f,-0.0105f,-0.0707f,0.9972f,0.0249f,0.522f,0f,0.025f,-0.9997f,-0.0247f,0f,0f,0f,1f],start_interpolation: 0,interpolation_duration: 1}