# This file was generated by Animated Java via MC-Build. It is not recommended to edit this file directly.
$data merge entity $(bone_hat) {transformation: [-0.9567f,-0.2911f,-0.0031f,-0.0652f,-0.2911f,0.9566f,0.0146f,0.8308f,-0.0013f,0.0149f,-0.9999f,-0.1253f,0f,0f,0f,1f],start_interpolation: 0,interpolation_duration: 1}
$data merge entity $(bone_head_hat) {transformation: [-0.9784f,-0.2066f,-0.0031f,0f,-0.2067f,0.9783f,0.0146f,0.522f,0f,0.0149f,-0.9999f,-0.0247f,0f,0f,0f,1f],start_interpolation: 0,interpolation_duration: 1}
$data merge entity $(bone_rightarm) {transformation: [-0.9994f,-0.0322f,0.0096f,-0.1763f,-0.0336f,0.9576f,-0.2863f,0.5015f,0f,-0.2864f,-0.9581f,-0.0625f,0f,0f,0f,1f],start_interpolation: 0,interpolation_duration: 1}
$data merge entity $(bone_leftarm) {transformation: [-1f,0f,0f,0.1472f,0f,0.403f,-0.9152f,0.5015f,0f,-0.9152f,-0.403f,-0.0625f,0f,0f,0f,1f],start_interpolation: 0,interpolation_duration: 1}
$data merge entity $(bone_staff) {transformation: [0.6235f,-0.2291f,-1.0553f,0.4036f,-0.5399f,0.9892f,-0.5337f,0.5194f,0.9352f,0.7238f,0.3954f,0.2638f,0f,0f,0f,1f],start_interpolation: 0,interpolation_duration: 1}
$data merge entity $(bone_jacket) {transformation: [-0.9994f,-0.0336f,-0.0005f,-0.0027f,-0.0336f,0.9993f,0.0149f,0.522f,0f,0.0149f,-0.9999f,-0.0247f,0f,0f,0f,1f],start_interpolation: 0,interpolation_duration: 1}