# This file was generated by Animated Java via MC-Build. It is not recommended to edit this file directly.
$data merge entity $(bone_hat) {transformation: [-0.9659f,-0.2588f,0f,-0.0545f,-0.2588f,0.9659f,0f,0.8313f,0f,0f,-1f,-0.13f,0f,0f,0f,1f],start_interpolation: 0,interpolation_duration: 1}
$data merge entity $(bone_head_hat) {transformation: [-0.9848f,-0.1736f,0f,0f,-0.1736f,0.9848f,0f,0.522f,0f,0f,-1f,-0.0247f,0f,0f,0f,1f],start_interpolation: 0,interpolation_duration: 1}
$data merge entity $(bone_rightarm) {transformation: [-1f,0f,0f,-0.1736f,0f,0.9537f,-0.3007f,0.5015f,0f,-0.3007f,-0.9537f,-0.0625f,0f,0f,0f,1f],start_interpolation: 0,interpolation_duration: 1}
$data merge entity $(bone_leftarm) {transformation: [-1f,0f,0f,0.1553f,0f,0.4971f,-0.8677f,0.5015f,0f,-0.8677f,-0.4971f,-0.0625f,0f,0f,0f,1f],start_interpolation: 0,interpolation_duration: 1}
$data merge entity $(bone_staff) {transformation: [0.6235f,-0.1933f,-1.0624f,0.4122f,-0.5399f,1.0066f,-0.5f,0.5034f,0.9352f,0.71f,0.4196f,0.2394f,0f,0f,0f,1f],start_interpolation: 0,interpolation_duration: 1}
$data merge entity $(bone_jacket) {transformation: [-1f,0f,0f,0f,0f,1f,0f,0.522f,0f,0f,-1f,-0.0247f,0f,0f,0f,1f],start_interpolation: 0,interpolation_duration: 1}