# This file was generated by Animated Java via MC-Build. It is not recommended to edit this file directly.
$data merge entity $(bone_hat) {transformation: [-0.9712f,-0.2381f,0.0059f,-0.0473f,-0.2382f,0.9705f,-0.038f,0.8281f,0.0034f,-0.0383f,-0.9993f,-0.142f,0f,0f,0f,1f],start_interpolation: 0,interpolation_duration: 1}
$data merge entity $(bone_head_hat) {transformation: [-0.9883f,-0.1526f,0.0059f,0f,-0.1527f,0.9875f,-0.038f,0.522f,0f,-0.0385f,-0.9993f,-0.0247f,0f,0f,0f,1f],start_interpolation: 0,interpolation_duration: 1}
$data merge entity $(bone_rightarm) {transformation: [-0.9998f,0.02f,-0.0072f,-0.1736f,0.0213f,0.9412f,-0.3371f,0.5015f,0f,-0.3372f,-0.9414f,-0.0625f,0f,0f,0f,1f],start_interpolation: 0,interpolation_duration: 1}
$data merge entity $(bone_leftarm) {transformation: [-1f,0f,0f,0.163f,0f,0.5982f,-0.8013f,0.5015f,0f,-0.8013f,-0.5982f,-0.0625f,0f,0f,0f,1f],start_interpolation: 0,interpolation_duration: 1}
$data merge entity $(bone_staff) {transformation: [0.6235f,-0.1535f,-1.0689f,0.421f,-0.5399f,1.0246f,-0.462f,0.4873f,0.9352f,0.6939f,0.4459f,0.204f,0f,0f,0f,1f],start_interpolation: 0,interpolation_duration: 1}
$data merge entity $(bone_jacket) {transformation: [-0.9998f,0.0212f,-0.0008f,0f,0.0213f,0.999f,-0.0385f,0.522f,0f,-0.0385f,-0.9993f,-0.0247f,0f,0f,0f,1f],start_interpolation: 0,interpolation_duration: 1}