# This file was generated by Animated Java via MC-Build. It is not recommended to edit this file directly.
$data merge entity $(bone_hat) {transformation: [-0.972f,-0.2348f,0.0085f,-0.046f,-0.2349f,0.9704f,-0.0559f,0.8261f,0.0049f,-0.0564f,-0.9984f,-0.1476f,0f,0f,0f,1f],start_interpolation: 0,interpolation_duration: 1}
$data merge entity $(bone_head_hat) {transformation: [-0.9888f,-0.1492f,0.0085f,0f,-0.1494f,0.9872f,-0.0559f,0.522f,0f,-0.0566f,-0.9984f,-0.0247f,0f,0f,0f,1f],start_interpolation: 0,interpolation_duration: 1}
$data merge entity $(bone_rightarm) {transformation: [-0.9997f,0.0229f,-0.0087f,-0.1736f,0.0245f,0.9349f,-0.3541f,0.5015f,0f,-0.3542f,-0.9352f,-0.0625f,0f,0f,0f,1f],start_interpolation: 0,interpolation_duration: 1}
$data merge entity $(bone_leftarm) {transformation: [-1f,0f,0f,0.1694f,0f,0.6964f,-0.7176f,0.5015f,0f,-0.7176f,-0.6964f,-0.0625f,0f,0f,0f,1f],start_interpolation: 0,interpolation_duration: 1}
$data merge entity $(bone_staff) {transformation: [0.6235f,-0.1109f,-1.0742f,0.429f,-0.5399f,1.0422f,-0.4209f,0.4718f,0.9352f,0.6756f,0.4731f,0.163f,0f,0f,0f,1f],start_interpolation: 0,interpolation_duration: 1}
$data merge entity $(bone_jacket) {transformation: [-0.9997f,0.0245f,-0.0014f,0f,0.0245f,0.9981f,-0.0566f,0.522f,0f,-0.0566f,-0.9984f,-0.0247f,0f,0f,0f,1f],start_interpolation: 0,interpolation_duration: 1}