# This file was generated by Animated Java via MC-Build. It is not recommended to edit this file directly.
$data merge entity $(bone_hat) {transformation: [-0.9698f,-0.2436f,0.0093f,-0.0487f,-0.2438f,0.9681f,-0.0581f,0.8254f,0.0051f,-0.0586f,-0.9983f,-0.1483f,0f,0f,0f,1f],start_interpolation: 0,interpolation_duration: 1}
$data merge entity $(bone_head_hat) {transformation: [-0.9874f,-0.1582f,0.0093f,0f,-0.1585f,0.9857f,-0.0581f,0.522f,0f,-0.0588f,-0.9983f,-0.0247f,0f,0f,0f,1f],start_interpolation: 0,interpolation_duration: 1}
$data merge entity $(bone_rightarm) {transformation: [-0.9999f,0.0144f,-0.0055f,-0.1736f,0.0154f,0.9343f,-0.3563f,0.5015f,0f,-0.3563f,-0.9344f,-0.0625f,0f,0f,0f,1f],start_interpolation: 0,interpolation_duration: 1}
$data merge entity $(bone_leftarm) {transformation: [-1f,0f,0f,0.1736f,0f,0.781f,-0.6246f,0.5015f,0f,-0.6246f,-0.781f,-0.0625f,0f,0f,0f,1f],start_interpolation: 0,interpolation_duration: 1}
$data merge entity $(bone_staff) {transformation: [0.6235f,-0.0672f,-1.0778f,0.435f,-0.5399f,1.0584f,-0.3783f,0.4578f,0.9352f,0.6559f,0.5001f,0.1221f,0f,0f,0f,1f],start_interpolation: 0,interpolation_duration: 1}
$data merge entity $(bone_jacket) {transformation: [-0.9999f,0.0154f,-0.0009f,0f,0.0154f,0.9981f,-0.0588f,0.522f,0f,-0.0588f,-0.9983f,-0.0247f,0f,0f,0f,1f],start_interpolation: 0,interpolation_duration: 1}