# This file was generated by Animated Java via MC-Build. It is not recommended to edit this file directly.
$data merge entity $(bone_hat) {transformation: [-0.9671f,-0.2543f,0.0078f,-0.0523f,-0.2544f,0.966f,-0.0452f,0.8264f,0.004f,-0.0457f,-0.9989f,-0.1443f,0f,0f,0f,1f],start_interpolation: 0,interpolation_duration: 1}
$data merge entity $(bone_head_hat) {transformation: [-0.9856f,-0.169f,0.0078f,0f,-0.1692f,0.9845f,-0.0452f,0.522f,0f,-0.0459f,-0.9989f,-0.0247f,0f,0f,0f,1f],start_interpolation: 0,interpolation_duration: 1}
$data merge entity $(bone_rightarm) {transformation: [-1f,0.0042f,-0.0015f,-0.1736f,0.0045f,0.9389f,-0.3441f,0.5015f,0f,-0.3441f,-0.9389f,-0.0625f,0f,0f,0f,1f],start_interpolation: 0,interpolation_duration: 1}
$data merge entity $(bone_leftarm) {transformation: [-1f,0f,0f,0.1736f,0f,0.8414f,-0.5403f,0.5015f,0f,-0.5403f,-0.8414f,-0.0625f,0f,0f,0f,1f],start_interpolation: 0,interpolation_duration: 1}
$data merge entity $(bone_staff) {transformation: [0.6235f,-0.0259f,-1.0796f,0.4365f,-0.5399f,1.0721f,-0.3376f,0.4461f,0.9352f,0.6362f,0.5248f,0.0867f,0f,0f,0f,1f],start_interpolation: 0,interpolation_duration: 1}
$data merge entity $(bone_jacket) {transformation: [-1f,0.0045f,-0.0002f,0f,0.0045f,0.9989f,-0.0459f,0.522f,0f,-0.0459f,-0.9989f,-0.0247f,0f,0f,0f,1f],start_interpolation: 0,interpolation_duration: 1}