# This file was generated by Animated Java via MC-Build. It is not recommended to edit this file directly.
$data merge entity $(bone_hat) {transformation: [-0.9659f,-0.2588f,0.003f,-0.0542f,-0.2588f,0.9658f,-0.0172f,0.8294f,0.0015f,-0.0174f,-0.9998f,-0.1355f,0f,0f,0f,1f],start_interpolation: 0,interpolation_duration: 1}
$data merge entity $(bone_head_hat) {transformation: [-0.9848f,-0.1736f,0.003f,0f,-0.1736f,0.9847f,-0.0172f,0.522f,0f,-0.0175f,-0.9998f,-0.0247f,0f,0f,0f,1f],start_interpolation: 0,interpolation_duration: 1}
$data merge entity $(bone_rightarm) {transformation: [-1f,0f,0f,-0.1736f,0f,0.9483f,-0.3173f,0.5015f,0f,-0.3173f,-0.9483f,-0.0625f,0f,0f,0f,1f],start_interpolation: 0,interpolation_duration: 1}
$data merge entity $(bone_leftarm) {transformation: [-1f,0f,0f,0.1736f,0f,0.866f,-0.5f,0.5015f,0f,-0.5f,-0.866f,-0.0625f,0f,0f,0f,1f],start_interpolation: 0,interpolation_duration: 1}
$data merge entity $(bone_staff) {transformation: [0.6235f,0f,-1.0799f,0.4375f,-0.5399f,1.0799f,-0.3117f,0.4375f,0.9352f,0.6235f,0.5399f,0.0625f,0f,0f,0f,1f],start_interpolation: 0,interpolation_duration: 1}
$data merge entity $(bone_jacket) {transformation: [-1f,0f,0f,0f,0f,0.9998f,-0.0175f,0.522f,0f,-0.0175f,-0.9998f,-0.0247f,0f,0f,0f,1f],start_interpolation: 0,interpolation_duration: 1}