# This file was generated by Animated Java via MC-Build. It is not recommended to edit this file directly.
$data merge entity $(bone_hat) {transformation: [-0.987f,-0.1592f,-0.0199f,-0.0093f,-0.1075f,0.564f,0.8188f,0.7726f,-0.1191f,0.8103f,-0.5738f,0.1565f,0f,0f,0f,1f],start_interpolation: 0,interpolation_duration: 1}
$data merge entity $(bone_head_hat) {transformation: [-0.9972f,-0.0726f,-0.0199f,0.0156f,-0.0579f,0.5712f,0.8188f,0.507f,-0.0481f,0.8176f,-0.5738f,-0.0398f,0f,0f,0f,1f],start_interpolation: 0,interpolation_duration: 1}
$data merge entity $(bone_rightarm) {transformation: [-1f,0f,0f,-0.1736f,0f,0.9433f,-0.3318f,0.5015f,0f,-0.3318f,-0.9433f,-0.0625f,0f,0f,0f,1f],start_interpolation: 0,interpolation_duration: 1}
$data merge entity $(bone_leftarm) {transformation: [-1f,0f,0f,0.1736f,0f,0.2247f,-0.9744f,0.5015f,0f,-0.9744f,-0.2247f,-0.0625f,0f,0f,0f,1f],start_interpolation: 0,interpolation_duration: 1}
$data merge entity $(bone_staff) {transformation: [0.3827f,1.1644f,0.2295f,0.5899f,-0.1961f,-0.1757f,1.2188f,0.0913f,1.1704f,-0.4101f,0.1292f,0.7563f,0f,0f,0f,1f],start_interpolation: 0,interpolation_duration: 1}