# This file was generated by Animated Java via MC-Build. It is not recommended to edit this file directly.
$data merge entity $(bone_hat) {transformation: [-0.9865f,-0.1614f,-0.0272f,-0.011f,-0.1161f,0.573f,0.8113f,0.7758f,-0.1153f,0.8035f,-0.584f,0.1542f,0f,0f,0f,1f],start_interpolation: 0,interpolation_duration: 1}
$data merge entity $(bone_head_hat) {transformation: [-0.9968f,-0.0748f,-0.0272f,0.0153f,-0.0657f,0.581f,0.8113f,0.508f,-0.0449f,0.8105f,-0.584f,-0.0388f,0f,0f,0f,1f],start_interpolation: 0,interpolation_duration: 1}
$data merge entity $(bone_rightarm) {transformation: [-1f,0f,0f,-0.1736f,0f,0.9467f,-0.3221f,0.5015f,0f,-0.3221f,-0.9467f,-0.0625f,0f,0f,0f,1f],start_interpolation: 0,interpolation_duration: 1}
$data merge entity $(bone_leftarm) {transformation: [-1f,0f,0f,0.1736f,0f,0.214f,-0.9768f,0.5015f,0f,-0.9768f,-0.214f,-0.0625f,0f,0f,0f,1f],start_interpolation: 0,interpolation_duration: 1}
$data merge entity $(bone_staff) {transformation: [0.4255f,1.153f,0.211f,0.6274f,-0.2352f,-0.1359f,1.217f,0.1436f,1.1483f,-0.455f,0.1711f,0.7075f,0f,0f,0f,1f],start_interpolation: 0,interpolation_duration: 1}