# This file was generated by Animated Java via MC-Build. It is not recommended to edit this file directly.
$data merge entity $(bone_hat) {transformation: [-0.9858f,-0.1643f,-0.0349f,-0.0131f,-0.1264f,0.5887f,0.7984f,0.7808f,-0.1106f,0.7915f,-0.6011f,0.1497f,0f,0f,0f,1f],start_interpolation: 0,interpolation_duration: 1}
$data merge entity $(bone_head_hat) {transformation: [-0.9964f,-0.0777f,-0.0349f,0.015f,-0.0746f,0.5975f,0.7984f,0.5091f,-0.0412f,0.7981f,-0.6011f,-0.0376f,0f,0f,0f,1f],start_interpolation: 0,interpolation_duration: 1}
$data merge entity $(bone_rightarm) {transformation: [-1f,0f,0f,-0.1736f,0f,0.9496f,-0.3133f,0.5015f,0f,-0.3133f,-0.9496f,-0.0625f,0f,0f,0f,1f],start_interpolation: 0,interpolation_duration: 1}
$data merge entity $(bone_leftarm) {transformation: [-1f,0f,0f,0.1736f,0f,0.2059f,-0.9786f,0.5015f,0f,-0.9786f,-0.2059f,-0.0625f,0f,0f,0f,1f],start_interpolation: 0,interpolation_duration: 1}
$data merge entity $(bone_staff) {transformation: [0.4681f,1.1523f,0.0893f,0.67f,-0.2798f,0.0195f,1.215f,0.2022f,1.1213f,-0.4762f,0.2659f,0.653f,0f,0f,0f,1f],start_interpolation: 0,interpolation_duration: 1}
$data merge entity $(bone_jacket) {transformation: [-1f,0f,0f,0f,0f,0.992f,0.1266f,0.522f,0f,0.1266f,-0.992f,-0.0247f,0f,0f,0f,1f],start_interpolation: 0,interpolation_duration: 1}