# This file was generated by Animated Java via MC-Build. It is not recommended to edit this file directly.
$data merge entity $(bone_hat) {transformation: [-0.9849f,-0.1681f,-0.0423f,-0.0156f,-0.1378f,0.611f,0.7795f,0.7873f,-0.1051f,0.7736f,-0.6249f,0.1427f,0f,0f,0f,1f],start_interpolation: 0,interpolation_duration: 1}
$data merge entity $(bone_head_hat) {transformation: [-0.9958f,-0.0816f,-0.0423f,0.0144f,-0.084f,0.6207f,0.7795f,0.5104f,-0.0373f,0.7798f,-0.6249f,-0.0364f,0f,0f,0f,1f],start_interpolation: 0,interpolation_duration: 1}
$data merge entity $(bone_rightarm) {transformation: [-1f,0f,0f,-0.1736f,0f,0.952f,-0.306f,0.5015f,0f,-0.306f,-0.952f,-0.0625f,0f,0f,0f,1f],start_interpolation: 0,interpolation_duration: 1}
$data merge entity $(bone_leftarm) {transformation: [-1f,0f,0f,0.1736f,0f,0.1996f,-0.9799f,0.5015f,0f,-0.9799f,-0.1996f,-0.0625f,0f,0f,0f,1f],start_interpolation: 0,interpolation_duration: 1}
$data merge entity $(bone_staff) {transformation: [0.5081f,1.1289f,-0.1491f,0.7159f,-0.3283f,0.3015f,1.1645f,0.2642f,1.0904f,-0.4352f,0.4201f,0.5954f,0f,0f,0f,1f],start_interpolation: 0,interpolation_duration: 1}
$data merge entity $(bone_jacket) {transformation: [-1f,0f,0f,0f,0f,0.9928f,0.1197f,0.522f,0f,0.1197f,-0.9928f,-0.0247f,0f,0f,0f,1f],start_interpolation: 0,interpolation_duration: 1}