# This file was generated by Animated Java via MC-Build. It is not recommended to edit this file directly.
$data merge entity $(bone_hat) {transformation: [-0.9673f,-0.2537f,0.0045f,-0.0518f,-0.2538f,0.9672f,-0.0135f,0.8294f,-0.0009f,-0.0142f,-0.9999f,-0.1351f,0f,0f,0f,1f],start_interpolation: 0,interpolation_duration: 1}
$data merge entity $(bone_head_hat) {transformation: [-0.9857f,-0.1685f,0.0045f,0.0007f,-0.1685f,0.9856f,-0.0135f,0.5214f,-0.0021f,-0.014f,-0.9999f,-0.0254f,0f,0f,0f,1f],start_interpolation: 0,interpolation_duration: 1}
$data merge entity $(bone_rightarm) {transformation: [-1f,0f,0f,-0.1781f,0f,0.9086f,-0.4176f,0.4959f,0f,-0.4176f,-0.9086f,-0.0625f,0f,0f,0f,1f],start_interpolation: 0,interpolation_duration: 1}
$data merge entity $(bone_leftarm) {transformation: [-1f,0f,0f,0.1758f,0f,0.7967f,-0.6044f,0.4926f,0f,-0.6044f,-0.7967f,-0.0625f,0f,0f,0f,1f],start_interpolation: 0,interpolation_duration: 1}
$data merge entity $(bone_staff) {transformation: [0.6823f,0.0251f,-1.0434f,0.4374f,-0.4641f,1.1239f,-0.2764f,0.4628f,0.9349f,0.5396f,0.6243f,0.0706f,0f,0f,0f,1f],start_interpolation: 0,interpolation_duration: 1}
$data merge entity $(bone_jacket) {transformation: [-1f,0f,0f,0f,0f,1f,-0.0003f,0.522f,0f,-0.0003f,-1f,-0.0247f,0f,0f,0f,1f],start_interpolation: 0,interpolation_duration: 1}