# This file was generated by Animated Java via MC-Build. It is not recommended to edit this file directly.
$data merge entity $(bone_hat) {transformation: [-0.9861f,-0.1553f,0.0595f,-0.0035f,-0.1657f,0.9464f,-0.2774f,0.7815f,-0.0132f,-0.2834f,-0.9589f,-0.2258f,0f,0f,0f,1f],start_interpolation: 0,interpolation_duration: 1}
$data merge entity $(bone_head_hat) {transformation: [-0.9959f,-0.0687f,0.0595f,0.0118f,-0.0826f,0.9572f,-0.2774f,0.5102f,-0.0379f,-0.2811f,-0.9589f,-0.0366f,0f,0f,0f,1f],start_interpolation: 0,interpolation_duration: 1}
$data merge entity $(bone_rightarm) {transformation: [-1f,0f,0f,-0.2183f,0f,-0.8487f,-0.5288f,0.4457f,0f,-0.5288f,0.8487f,-0.0625f,0f,0f,0f,1f],start_interpolation: 0,interpolation_duration: 1}
$data merge entity $(bone_leftarm) {transformation: [-1f,0f,0f,0.1959f,0f,-0.9431f,-0.3326f,0.4122f,0f,-0.3326f,0.9431f,-0.0625f,0f,0f,0f,1f],start_interpolation: 0,interpolation_duration: 1}
$data merge entity $(bone_staff) {transformation: [0.7971f,-0.054f,-0.9574f,0.439f,0.8177f,0.6885f,0.642f,0.6809f,0.5008f,-1.0382f,0.4755f,-0.0568f,0f,0f,0f,1f],start_interpolation: 0,interpolation_duration: 1}
$data merge entity $(bone_jacket) {transformation: [-1f,0f,0f,0f,0f,1f,-0.0095f,0.522f,0f,-0.0095f,-1f,-0.0247f,0f,0f,0f,1f],start_interpolation: 0,interpolation_duration: 1}