# This file was generated by Animated Java via MC-Build. It is not recommended to edit this file directly.
$data merge entity $(bone_hat) {transformation: [-0.9876f,-0.1448f,0.0612f,0.0012f,-0.1564f,0.9446f,-0.2885f,0.7784f,-0.016f,-0.2945f,-0.9555f,-0.2301f,0f,0f,0f,1f],start_interpolation: 0,interpolation_duration: 1}
$data merge entity $(bone_head_hat) {transformation: [-0.9964f,-0.0582f,0.0612f,0.013f,-0.0735f,0.9546f,-0.2885f,0.509f,-0.0417f,-0.292f,-0.9555f,-0.0378f,0f,0f,0f,1f],start_interpolation: 0,interpolation_duration: 1}
$data merge entity $(bone_rightarm) {transformation: [-1f,0f,0f,-0.2227f,0f,-0.9357f,-0.3527f,0.4401f,0f,-0.3527f,0.9357f,-0.0625f,0f,0f,0f,1f],start_interpolation: 0,interpolation_duration: 1}
$data merge entity $(bone_leftarm) {transformation: [-1f,0f,0f,0.1982f,0f,-0.9899f,-0.1419f,0.4033f,0f,-0.1419f,0.9899f,-0.0625f,0f,0f,0f,1f],start_interpolation: 0,interpolation_duration: 1}
$data merge entity $(bone_staff) {transformation: [0.7802f,-0.081f,-0.9693f,0.4401f,0.9167f,0.4768f,0.698f,0.666f,0.3254f,-1.1493f,0.3579f,-0.13f,0f,0f,0f,1f],start_interpolation: 0,interpolation_duration: 1}
$data merge entity $(bone_jacket) {transformation: [-1f,0f,0f,0f,0f,1f,-0.0087f,0.522f,0f,-0.0087f,-1f,-0.0247f,0f,0f,0f,1f],start_interpolation: 0,interpolation_duration: 1}