# This file was generated by Animated Java via MC-Build. It is not recommended to edit this file directly.
$data merge entity $(bone_hat) {transformation: [-0.9887f,-0.1361f,0.0621f,0.0051f,-0.1484f,0.9456f,-0.2894f,0.7773f,-0.0193f,-0.2954f,-0.9552f,-0.2313f,0f,0f,0f,1f],start_interpolation: 0,interpolation_duration: 1}
$data merge entity $(bone_head_hat) {transformation: [-0.9968f,-0.0494f,0.0621f,0.0141f,-0.0654f,0.955f,-0.2894f,0.5079f,-0.045f,-0.2926f,-0.9552f,-0.0388f,0f,0f,0f,1f],start_interpolation: 0,interpolation_duration: 1}
$data merge entity $(bone_rightarm) {transformation: [-1f,0f,0f,-0.2272f,0f,-0.9793f,-0.2023f,0.4345f,0f,-0.2023f,0.9793f,-0.0625f,0f,0f,0f,1f],start_interpolation: 0,interpolation_duration: 1}
$data merge entity $(bone_leftarm) {transformation: [-1f,0f,0f,0.2004f,0f,-0.9999f,0.0145f,0.3944f,0f,0.0145f,0.9999f,-0.0625f,0f,0f,0f,1f],start_interpolation: 0,interpolation_duration: 1}
$data merge entity $(bone_staff) {transformation: [0.7621f,-0.091f,-0.9827f,0.4425f,0.9726f,0.2802f,0.7283f,0.6497f,0.1677f,-1.2116f,0.2422f,-0.1977f,0f,0f,0f,1f],start_interpolation: 0,interpolation_duration: 1}
$data merge entity $(bone_jacket) {transformation: [-1f,0f,0f,0f,0f,1f,-0.0069f,0.522f,0f,-0.0069f,-1f,-0.0247f,0f,0f,0f,1f],start_interpolation: 0,interpolation_duration: 1}