# This file was generated by Animated Java via MC-Build. It is not recommended to edit this file directly.
$data merge entity $(bone_hat) {transformation: [-0.9896f,-0.1296f,0.0623f,0.0081f,-0.1419f,0.95f,-0.2782f,0.7788f,-0.0231f,-0.2842f,-0.9585f,-0.2289f,0f,0f,0f,1f],start_interpolation: 0,interpolation_duration: 1}
$data merge entity $(bone_head_hat) {transformation: [-0.9971f,-0.0429f,0.0623f,0.015f,-0.0586f,0.9587f,-0.2782f,0.5071f,-0.0478f,-0.2811f,-0.9585f,-0.0397f,0f,0f,0f,1f],start_interpolation: 0,interpolation_duration: 1}
$data merge entity $(bone_rightarm) {transformation: [-1f,0f,0f,-0.2316f,0f,-0.9955f,-0.095f,0.429f,0f,-0.095f,0.9955f,-0.0625f,0f,0f,0f,1f],start_interpolation: 0,interpolation_duration: 1}
$data merge entity $(bone_leftarm) {transformation: [-1f,0f,0f,0.2026f,0f,-0.9924f,0.1227f,0.3854f,0f,0.1227f,0.9924f,-0.0625f,0f,0f,0f,1f],start_interpolation: 0,interpolation_duration: 1}
$data merge entity $(bone_staff) {transformation: [0.7611f,-0.084f,-0.9841f,0.4467f,0.986f,0.1376f,0.7508f,0.635f,0.058f,-1.2365f,0.1504f,-0.251f,0f,0f,0f,1f],start_interpolation: 0,interpolation_duration: 1}
$data merge entity $(bone_jacket) {transformation: [-1f,0f,0f,0f,0f,1f,-0.004f,0.522f,0f,-0.004f,-1f,-0.0247f,0f,0f,0f,1f],start_interpolation: 0,interpolation_duration: 1}