# This file was generated by Animated Java via MC-Build. It is not recommended to edit this file directly.
$data merge entity $(bone_hat) {transformation: [-0.9901f,-0.1257f,0.0619f,0.0099f,-0.1374f,0.9577f,-0.2529f,0.7831f,-0.0275f,-0.259f,-0.9655f,-0.2223f,0f,0f,0f,1f],start_interpolation: 0,interpolation_duration: 1}
$data merge entity $(bone_head_hat) {transformation: [-0.9973f,-0.0389f,0.0619f,0.0156f,-0.0534f,0.966f,-0.2529f,0.5064f,-0.05f,-0.2556f,-0.9655f,-0.0404f,0f,0f,0f,1f],start_interpolation: 0,interpolation_duration: 1}
$data merge entity $(bone_rightarm) {transformation: [-1f,0f,0f,-0.2361f,0f,-0.999f,-0.0436f,0.4234f,0f,-0.0436f,0.999f,-0.0625f,0f,0f,0f,1f],start_interpolation: 0,interpolation_duration: 1}
$data merge entity $(bone_leftarm) {transformation: [-1f,0f,0f,0.2049f,0f,-0.9848f,0.1736f,0.3765f,0f,0.1736f,0.9848f,-0.0625f,0f,0f,0f,1f],start_interpolation: 0,interpolation_duration: 1}
$data merge entity $(bone_staff) {transformation: [0.7932f,-0.0598f,-0.9603f,0.4531f,0.9618f,0.0807f,0.7894f,0.625f,0.0243f,-1.2429f,0.0975f,-0.2812f,0f,0f,0f,1f],start_interpolation: 0,interpolation_duration: 1}
$data merge entity $(bone_jacket) {transformation: [-1f,0f,0f,0f,0f,1f,0f,0.522f,0f,0f,-1f,-0.0247f,0f,0f,0f,1f],start_interpolation: 0,interpolation_duration: 1}