# This file was generated by Animated Java via MC-Build. It is not recommended to edit this file directly.
$data merge entity $(bone_hat) {transformation: [-0.9903f,-0.1263f,0.0582f,0.0103f,-0.1326f,0.9835f,-0.1233f,0.8038f,-0.0417f,-0.1298f,-0.9907f,-0.185f,0f,0f,0f,1f],start_interpolation: 0,interpolation_duration: 1}
$data merge entity $(bone_head_hat) {transformation: [-0.9975f,-0.0395f,0.0582f,0.0165f,-0.0464f,0.9913f,-0.1233f,0.5055f,-0.0528f,-0.1257f,-0.9907f,-0.0413f,0f,0f,0f,1f],start_interpolation: 0,interpolation_duration: 1}
$data merge entity $(bone_rightarm) {transformation: [-1f,0f,0f,-0.2361f,0f,-0.9896f,-0.1438f,0.4234f,0f,-0.1438f,0.9896f,-0.0625f,0f,0f,0f,1f],start_interpolation: 0,interpolation_duration: 1}
$data merge entity $(bone_leftarm) {transformation: [-1f,0f,0f,0.2049f,0f,-0.9973f,0.0738f,0.3765f,0f,0.0738f,0.9973f,-0.0625f,0f,0f,0f,1f],start_interpolation: 0,interpolation_duration: 1}
$data merge entity $(bone_staff) {transformation: [0.92f,0.0099f,-0.8417f,0.5f,0.832f,0.1786f,0.9115f,0.6094f,0.1278f,-1.234f,0.1252f,-0.1969f,0f,0f,0f,1f],start_interpolation: 0,interpolation_duration: 1}
$data merge entity $(bone_jacket) {transformation: [-1f,0f,0f,0f,0f,0.9999f,0.0158f,0.522f,0f,0.0158f,-0.9999f,-0.0247f,0f,0f,0f,1f],start_interpolation: 0,interpolation_duration: 1}