# This file was generated by Animated Java via MC-Build. It is not recommended to edit this file directly.
$data merge entity $(bone_hat) {transformation: [-0.9895f,-0.1357f,0.0496f,0.0066f,-0.131f,0.9875f,0.0879f,0.827f,-0.0609f,0.0804f,-0.9949f,-0.1194f,0f,0f,0f,1f],start_interpolation: 0,interpolation_duration: 1}
$data merge entity $(bone_head_hat) {transformation: [-0.9976f,-0.0489f,0.0496f,0.0168f,-0.0445f,0.9951f,0.0879f,0.5052f,-0.0536f,0.0854f,-0.9949f,-0.0415f,0f,0f,0f,1f],start_interpolation: 0,interpolation_duration: 1}
$data merge entity $(bone_rightarm) {transformation: [-1f,0f,0f,-0.2361f,0f,-0.8878f,-0.4603f,0.4234f,0f,-0.4603f,0.8878f,-0.0625f,0f,0f,0f,1f],start_interpolation: 0,interpolation_duration: 1}
$data merge entity $(bone_leftarm) {transformation: [-1f,0f,0f,0.2049f,0f,-0.9663f,-0.2573f,0.3765f,0f,-0.2573f,0.9663f,-0.0625f,0f,0f,0f,1f],start_interpolation: 0,interpolation_duration: 1}
$data merge entity $(bone_staff) {transformation: [1.056f,0.1856f,-0.6365f,0.5469f,0.5608f,0.3886f,1.0437f,0.5938f,0.3537f,-1.1702f,0.2456f,-0.1125f,0f,0f,0f,1f],start_interpolation: 0,interpolation_duration: 1}
$data merge entity $(bone_jacket) {transformation: [-1f,0f,0f,0f,0f,0.9992f,0.0388f,0.522f,0f,0.0388f,-0.9992f,-0.0247f,0f,0f,0f,1f],start_interpolation: 0,interpolation_duration: 1}