# This file was generated by Animated Java via MC-Build. It is not recommended to edit this file directly.
$data merge entity $(bone_hat) {transformation: [-0.9884f,-0.1476f,0.0347f,0.0011f,-0.1277f,0.9338f,0.3342f,0.8362f,-0.0818f,0.3259f,-0.9419f,-0.0363f,0f,0f,0f,1f],start_interpolation: 0,interpolation_duration: 1}
$data merge entity $(bone_head_hat) {transformation: [-0.9975f,-0.0609f,0.0347f,0.0166f,-0.0459f,0.9414f,0.3342f,0.5054f,-0.0531f,0.3317f,-0.9419f,-0.0413f,0f,0f,0f,1f],start_interpolation: 0,interpolation_duration: 1}
$data merge entity $(bone_rightarm) {transformation: [-1f,0f,0f,-0.2361f,0f,-0.5803f,-0.8144f,0.4234f,0f,-0.8144f,0.5803f,-0.0625f,0f,0f,0f,1f],start_interpolation: 0,interpolation_duration: 1}
$data merge entity $(bone_leftarm) {transformation: [-1f,0f,0f,0.2049f,0f,-0.7428f,-0.6695f,0.3765f,0f,-0.6695f,0.7428f,-0.0625f,0f,0f,0f,1f],start_interpolation: 0,interpolation_duration: 1}
$data merge entity $(bone_staff) {transformation: [1.0597f,0.4871f,-0.4411f,0.5469f,0.2149f,0.5341f,1.1061f,0.5469f,0.621f,-1.016f,0.37f,0.0719f,0f,0f,0f,1f],start_interpolation: 0,interpolation_duration: 1}
$data merge entity $(bone_jacket) {transformation: [-1f,0f,0f,0f,0f,0.9979f,0.0654f,0.522f,0f,0.0654f,-0.9979f,-0.0247f,0f,0f,0f,1f],start_interpolation: 0,interpolation_duration: 1}