# This file was generated by Animated Java via MC-Build. It is not recommended to edit this file directly.
$data merge entity $(bone_hat) {transformation: [-0.9876f,-0.1562f,0.0154f,-0.004f,-0.1207f,0.8185f,0.5616f,0.8243f,-0.1004f,0.5528f,-0.8273f,0.0476f,0f,0f,0f,1f],start_interpolation: 0,interpolation_duration: 1}
$data merge entity $(bone_head_hat) {transformation: [-0.9975f,-0.0696f,0.0154f,0.0162f,-0.0489f,0.8259f,0.5616f,0.5058f,-0.0518f,0.5594f,-0.8273f,-0.0409f,0f,0f,0f,1f],start_interpolation: 0,interpolation_duration: 1}
$data merge entity $(bone_rightarm) {transformation: [-1f,0f,0f,-0.2361f,0f,-0.1f,-0.995f,0.4234f,0f,-0.995f,0.1f,-0.0625f,0f,0f,0f,1f],start_interpolation: 0,interpolation_duration: 1}
$data merge entity $(bone_leftarm) {transformation: [-1f,0f,0f,0.2049f,0f,-0.313f,-0.9497f,0.3765f,0f,-0.9497f,0.313f,-0.0625f,0f,0f,0f,1f],start_interpolation: 0,interpolation_duration: 1}
$data merge entity $(bone_staff) {transformation: [0.9095f,0.7921f,-0.3167f,0.5469f,-0.0632f,0.5243f,1.1296f,0.5f,0.8507f,-0.8078f,0.4225f,0.2563f,0f,0f,0f,1f],start_interpolation: 0,interpolation_duration: 1}
$data merge entity $(bone_jacket) {transformation: [-1f,0f,0f,0f,0f,0.9958f,0.092f,0.522f,0f,0.092f,-0.9958f,-0.0247f,0f,0f,0f,1f],start_interpolation: 0,interpolation_duration: 1}