# This file was generated by Animated Java via MC-Build. It is not recommended to edit this file directly.
$data merge entity $(bone_hat) {transformation: [-0.9873f,-0.1591f,-0.0033f,-0.0073f,-0.1113f,0.6756f,0.7288f,0.7973f,-0.1137f,0.7199f,-0.6847f,0.1157f,0f,0f,0f,1f],start_interpolation: 0,interpolation_duration: 1}
$data merge entity $(bone_head_hat) {transformation: [-0.9974f,-0.0724f,-0.0033f,0.0158f,-0.052f,0.6827f,0.7288f,0.5062f,-0.0505f,0.7271f,-0.6847f,-0.0405f,0f,0f,0f,1f],start_interpolation: 0,interpolation_duration: 1}
$data merge entity $(bone_rightarm) {transformation: [-1f,0f,0f,-0.2361f,0f,0.3618f,-0.9323f,0.4234f,0f,-0.9323f,-0.3618f,-0.0625f,0f,0f,0f,1f],start_interpolation: 0,interpolation_duration: 1}
$data merge entity $(bone_leftarm) {transformation: [-1f,0f,0f,0.2049f,0f,0.1514f,-0.9885f,0.3765f,0f,-0.9885f,-0.1514f,-0.0625f,0f,0f,0f,1f],start_interpolation: 0,interpolation_duration: 1}
$data merge entity $(bone_staff) {transformation: [0.7269f,0.9849f,-0.2372f,0.5469f,-0.1935f,0.4216f,1.1574f,0.4531f,0.9945f,-0.638f,0.3986f,0.4406f,0f,0f,0f,1f],start_interpolation: 0,interpolation_duration: 1}
$data merge entity $(bone_jacket) {transformation: [-1f,0f,0f,0f,0f,0.9934f,0.1149f,0.522f,0f,0.1149f,-0.9934f,-0.0247f,0f,0f,0f,1f],start_interpolation: 0,interpolation_duration: 1}