# This file was generated by Animated Java via MC-Build. It is not recommended to edit this file directly.
$data merge entity $(bone_hat) {transformation: [-0.969f,-0.2469f,0.0108f,-0.048f,-0.2472f,0.9683f,-0.035f,0.8265f,-0.0018f,-0.0366f,-0.9993f,-0.1429f,0f,0f,0f,1f],start_interpolation: 0,interpolation_duration: 1}
$data merge entity $(bone_head_hat) {transformation: [-0.9868f,-0.1615f,0.0108f,0.0015f,-0.1618f,0.9862f,-0.035f,0.5205f,-0.005f,-0.0363f,-0.9993f,-0.0263f,0f,0f,0f,1f],start_interpolation: 0,interpolation_duration: 1}
$data merge entity $(bone_rightarm) {transformation: [-1f,0f,0f,-0.1825f,0f,0.8244f,-0.566f,0.4903f,0f,-0.566f,-0.8244f,-0.0625f,0f,0f,0f,1f],start_interpolation: 0,interpolation_duration: 1}
$data merge entity $(bone_leftarm) {transformation: [-1f,0f,0f,0.1781f,0f,0.6823f,-0.7311f,0.4836f,0f,-0.7311f,-0.6823f,-0.0625f,0f,0f,0f,1f],start_interpolation: 0,interpolation_duration: 1}
$data merge entity $(bone_staff) {transformation: [0.7446f,0.0388f,-0.9994f,0.437f,-0.3438f,1.18f,-0.2103f,0.4998f,0.9392f,0.4012f,0.7154f,0.0852f,0f,0f,0f,1f],start_interpolation: 0,interpolation_duration: 1}
$data merge entity $(bone_jacket) {transformation: [-1f,0f,0f,0f,0f,1f,-0.0011f,0.522f,0f,-0.0011f,-1f,-0.0247f,0f,0f,0f,1f],start_interpolation: 0,interpolation_duration: 1}