# This file was generated by Animated Java via MC-Build. It is not recommended to edit this file directly.
$data merge entity $(bone_hat) {transformation: [-0.9873f,-0.1581f,-0.0154f,-0.0084f,-0.1027f,0.5613f,0.8212f,0.7713f,-0.1212f,0.8124f,-0.5704f,0.157f,0f,0f,0f,1f],start_interpolation: 0,interpolation_duration: 1}
$data merge entity $(bone_head_hat) {transformation: [-0.9973f,-0.0715f,-0.0154f,0.0156f,-0.0534f,0.5681f,0.8212f,0.5064f,-0.05f,0.8199f,-0.5704f,-0.0404f,0f,0f,0f,1f],start_interpolation: 0,interpolation_duration: 1}
$data merge entity $(bone_rightarm) {transformation: [-1f,0f,0f,-0.2361f,0f,0.6428f,-0.766f,0.4234f,0f,-0.766f,-0.6428f,-0.0625f,0f,0f,0f,1f],start_interpolation: 0,interpolation_duration: 1}
$data merge entity $(bone_leftarm) {transformation: [-1f,0f,0f,0.2049f,0f,0.4617f,-0.887f,0.3765f,0f,-0.887f,-0.4617f,-0.0625f,0f,0f,0f,1f],start_interpolation: 0,interpolation_duration: 1}
$data merge entity $(bone_staff) {transformation: [0.6152f,1.0696f,-0.1797f,0.5469f,-0.2225f,0.3267f,1.1826f,0.4063f,1.0615f,-0.5514f,0.3521f,0.625f,0f,0f,0f,1f],start_interpolation: 0,interpolation_duration: 1}
$data merge entity $(bone_jacket) {transformation: [-1f,0f,0f,0f,0f,0.9914f,0.1305f,0.522f,0f,0.1305f,-0.9914f,-0.0247f,0f,0f,0f,1f],start_interpolation: 0,interpolation_duration: 1}