# This file was generated by Animated Java via MC-Build. It is not recommended to edit this file directly.
$data merge entity $(bone_hat) {transformation: [-0.9873f,-0.1575f,-0.018f,-0.0085f,-0.1001f,0.5317f,0.841f,0.764f,-0.1229f,0.8322f,-0.5407f,0.1664f,0f,0f,0f,1f],start_interpolation: 0,interpolation_duration: 1}
$data merge entity $(bone_head_hat) {transformation: [-0.9973f,-0.0709f,-0.018f,0.0156f,-0.0534f,0.5384f,0.841f,0.5064f,-0.05f,0.8397f,-0.5407f,-0.0404f,0f,0f,0f,1f],start_interpolation: 0,interpolation_duration: 1}
$data merge entity $(bone_rightarm) {transformation: [-1f,0f,0f,-0.2361f,0f,0.774f,-0.6331f,0.4234f,0f,-0.6331f,-0.774f,-0.0625f,0f,0f,0f,1f],start_interpolation: 0,interpolation_duration: 1}
$data merge entity $(bone_leftarm) {transformation: [-1f,0f,0f,0.2049f,0f,0.6186f,-0.7857f,0.3765f,0f,-0.7857f,-0.6186f,-0.0625f,0f,0f,0f,1f],start_interpolation: 0,interpolation_duration: 1}
$data merge entity $(bone_staff) {transformation: [0.5259f,1.1237f,-0.1244f,0.5469f,-0.2199f,0.2363f,1.2044f,0.2716f,1.109f,-0.486f,0.2978f,0.6834f,0f,0f,0f,1f],start_interpolation: 0,interpolation_duration: 1}