# This file was generated by Animated Java via MC-Build. It is not recommended to edit this file directly.
$data merge entity $(bone_hat) {transformation: [-0.9874f,-0.1571f,-0.0197f,-0.0086f,-0.0983f,0.5114f,0.8537f,0.7589f,-0.1241f,0.8449f,-0.5204f,0.1725f,0f,0f,0f,1f],start_interpolation: 0,interpolation_duration: 1}
$data merge entity $(bone_head_hat) {transformation: [-0.9973f,-0.0704f,-0.0197f,0.0156f,-0.0534f,0.518f,0.8537f,0.5064f,-0.05f,0.8525f,-0.5204f,-0.0404f,0f,0f,0f,1f],start_interpolation: 0,interpolation_duration: 1}
$data merge entity $(bone_rightarm) {transformation: [-1f,0f,0f,-0.2361f,0f,0.8451f,-0.5346f,0.4234f,0f,-0.5346f,-0.8451f,-0.0625f,0f,0f,0f,1f],start_interpolation: 0,interpolation_duration: 1}
$data merge entity $(bone_leftarm) {transformation: [-1f,0f,0f,0.2049f,0f,0.7094f,-0.7048f,0.3765f,0f,-0.7048f,-0.7094f,-0.0625f,0f,0f,0f,1f],start_interpolation: 0,interpolation_duration: 1}
$data merge entity $(bone_staff) {transformation: [0.4568f,1.158f,-0.0721f,0.5469f,-0.203f,0.156f,1.2204f,0.1369f,1.1424f,-0.4353f,0.2457f,0.7419f,0f,0f,0f,1f],start_interpolation: 0,interpolation_duration: 1}