# This file was generated by Animated Java via MC-Build. It is not recommended to edit this file directly.
$data merge entity $(bone_hat) {transformation: [-0.9874f,-0.1568f,-0.0206f,-0.0086f,-0.0973f,0.4996f,0.8608f,0.756f,-0.1247f,0.8519f,-0.5086f,0.176f,0f,0f,0f,1f],start_interpolation: 0,interpolation_duration: 1}
$data merge entity $(bone_head_hat) {transformation: [-0.9973f,-0.0702f,-0.0206f,0.0156f,-0.0534f,0.5062f,0.8608f,0.5064f,-0.05f,0.8596f,-0.5086f,-0.0404f,0f,0f,0f,1f],start_interpolation: 0,interpolation_duration: 1}
$data merge entity $(bone_rightarm) {transformation: [-1f,0f,0f,-0.2361f,0f,0.8819f,-0.4714f,0.4234f,0f,-0.4714f,-0.8819f,-0.0625f,0f,0f,0f,1f],start_interpolation: 0,interpolation_duration: 1}
$data merge entity $(bone_leftarm) {transformation: [-1f,0f,0f,0.2049f,0f,0.759f,-0.6511f,0.3765f,0f,-0.6511f,-0.759f,-0.0625f,0f,0f,0f,1f],start_interpolation: 0,interpolation_duration: 1}
$data merge entity $(bone_staff) {transformation: [0.4031f,1.1797f,-0.0246f,0.5469f,-0.1822f,0.0879f,1.2304f,0.1105f,1.1658f,-0.3942f,0.2008f,0.7595f,0f,0f,0f,1f],start_interpolation: 0,interpolation_duration: 1}