# This file was generated by Animated Java via MC-Build. It is not recommended to edit this file directly.
$data merge entity $(bone_hat) {transformation: [-0.9874f,-0.1567f,-0.021f,-0.0086f,-0.0969f,0.4954f,0.8633f,0.7549f,-0.1249f,0.8544f,-0.5043f,0.1772f,0f,0f,0f,1f],start_interpolation: 0,interpolation_duration: 1}
$data merge entity $(bone_head_hat) {transformation: [-0.9973f,-0.0701f,-0.021f,0.0156f,-0.0534f,0.5019f,0.8633f,0.5064f,-0.05f,0.8621f,-0.5043f,-0.0404f,0f,0f,0f,1f],start_interpolation: 0,interpolation_duration: 1}
$data merge entity $(bone_rightarm) {transformation: [-1f,0f,0f,-0.2361f,0f,0.9008f,-0.4343f,0.4234f,0f,-0.4343f,-0.9008f,-0.0625f,0f,0f,0f,1f],start_interpolation: 0,interpolation_duration: 1}
$data merge entity $(bone_leftarm) {transformation: [-1f,0f,0f,0.2049f,0f,0.7854f,-0.619f,0.3765f,0f,-0.619f,-0.7854f,-0.0625f,0f,0f,0f,1f],start_interpolation: 0,interpolation_duration: 1}
$data merge entity $(bone_staff) {transformation: [0.3602f,1.1937f,0.0162f,0.5469f,-0.1634f,0.0325f,1.2357f,0.0841f,1.1825f,-0.3591f,0.1658f,0.7772f,0f,0f,0f,1f],start_interpolation: 0,interpolation_duration: 1}