# This file was generated by Animated Java via MC-Build. It is not recommended to edit this file directly.
$data merge entity $(bone_hat) {transformation: [-0.9874f,-0.1568f,-0.0208f,-0.0086f,-0.0971f,0.4975f,0.862f,0.7554f,-0.1248f,0.8532f,-0.5065f,0.1766f,0f,0f,0f,1f],start_interpolation: 0,interpolation_duration: 1}
$data merge entity $(bone_head_hat) {transformation: [-0.9973f,-0.0701f,-0.0208f,0.0156f,-0.0534f,0.5041f,0.862f,0.5064f,-0.05f,0.8608f,-0.5065f,-0.0404f,0f,0f,0f,1f],start_interpolation: 0,interpolation_duration: 1}
$data merge entity $(bone_rightarm) {transformation: [-1f,0f,0f,-0.2361f,0f,0.9122f,-0.4098f,0.4234f,0f,-0.4098f,-0.9122f,-0.0625f,0f,0f,0f,1f],start_interpolation: 0,interpolation_duration: 1}
$data merge entity $(bone_leftarm) {transformation: [-1f,0f,0f,0.2049f,0f,0.8019f,-0.5975f,0.3765f,0f,-0.5975f,-0.8019f,-0.0625f,0f,0f,0f,1f],start_interpolation: 0,interpolation_duration: 1}
$data merge entity $(bone_staff) {transformation: [0.3238f,1.2031f,0.0494f,0.5469f,-0.1499f,-0.0104f,1.2378f,0.0577f,1.1948f,-0.3274f,0.142f,0.7948f,0f,0f,0f,1f],start_interpolation: 0,interpolation_duration: 1}