# This file was generated by Animated Java via MC-Build. It is not recommended to edit this file directly.
$data merge entity $(bone_hat) {transformation: [-0.9874f,-0.1569f,-0.0202f,-0.0086f,-0.0978f,0.5048f,0.8577f,0.7573f,-0.1244f,0.8489f,-0.5137f,0.1745f,0f,0f,0f,1f],start_interpolation: 0,interpolation_duration: 1}
$data merge entity $(bone_head_hat) {transformation: [-0.9973f,-0.0703f,-0.0202f,0.0156f,-0.0534f,0.5114f,0.8577f,0.5064f,-0.05f,0.8565f,-0.5137f,-0.0404f,0f,0f,0f,1f],start_interpolation: 0,interpolation_duration: 1}
$data merge entity $(bone_rightarm) {transformation: [-1f,0f,0f,-0.2361f,0f,0.9239f,-0.3827f,0.4234f,0f,-0.3827f,-0.9239f,-0.0625f,0f,0f,0f,1f],start_interpolation: 0,interpolation_duration: 1}
$data merge entity $(bone_leftarm) {transformation: [-1f,0f,0f,0.2049f,0f,0.8192f,-0.5736f,0.3765f,0f,-0.5736f,-0.8192f,-0.0625f,0f,0f,0f,1f],start_interpolation: 0,interpolation_duration: 1}
$data merge entity $(bone_staff) {transformation: [0.3238f,1.2031f,0.0494f,0.5469f,-0.1499f,-0.0104f,1.2378f,0.0313f,1.1948f,-0.3274f,0.142f,0.8125f,0f,0f,0f,1f],start_interpolation: 0,interpolation_duration: 1}