# This file was generated by Animated Java via MC-Build. It is not recommended to edit this file directly.
$data merge entity $(bone_hat) {transformation: [-0.9874f,-0.1572f,-0.0193f,-0.0086f,-0.0987f,0.5158f,0.851f,0.7601f,-0.1238f,0.8421f,-0.5248f,0.1712f,0f,0f,0f,1f],start_interpolation: 0,interpolation_duration: 1}
$data merge entity $(bone_head_hat) {transformation: [-0.9973f,-0.0705f,-0.0193f,0.0156f,-0.0534f,0.5225f,0.851f,0.5064f,-0.05f,0.8497f,-0.5248f,-0.0404f,0f,0f,0f,1f],start_interpolation: 0,interpolation_duration: 1}
$data merge entity $(bone_rightarm) {transformation: [-1f,0f,0f,-0.2361f,0f,0.9287f,-0.3708f,0.4234f,0f,-0.3708f,-0.9287f,-0.0625f,0f,0f,0f,1f],start_interpolation: 0,interpolation_duration: 1}
$data merge entity $(bone_leftarm) {transformation: [-1f,0f,0f,0.2049f,0f,0.8264f,-0.563f,0.3765f,0f,-0.563f,-0.8264f,-0.0625f,0f,0f,0f,1f],start_interpolation: 0,interpolation_duration: 1}