# This file was generated by Animated Java via MC-Build. It is not recommended to edit this file directly.
$data merge entity $(bone_hat) {transformation: [-0.9874f,-0.1575f,-0.0181f,-0.0085f,-0.0999f,0.5294f,0.8424f,0.7635f,-0.1231f,0.8336f,-0.5385f,0.1671f,0f,0f,0f,1f],start_interpolation: 0,interpolation_duration: 1}
$data merge entity $(bone_head_hat) {transformation: [-0.9973f,-0.0708f,-0.0181f,0.0156f,-0.0534f,0.5361f,0.8424f,0.5064f,-0.05f,0.8412f,-0.5385f,-0.0404f,0f,0f,0f,1f],start_interpolation: 0,interpolation_duration: 1}
$data merge entity $(bone_rightarm) {transformation: [-1f,0f,0f,-0.2361f,0f,0.9315f,-0.3637f,0.4234f,0f,-0.3637f,-0.9315f,-0.0625f,0f,0f,0f,1f],start_interpolation: 0,interpolation_duration: 1}
$data merge entity $(bone_leftarm) {transformation: [-1f,0f,0f,0.2049f,0f,0.8307f,-0.5567f,0.3765f,0f,-0.5567f,-0.8307f,-0.0625f,0f,0f,0f,1f],start_interpolation: 0,interpolation_duration: 1}