# This file was generated by Animated Java via MC-Build. It is not recommended to edit this file directly.
$data merge entity $(bone_hat) {transformation: [-0.9873f,-0.1578f,-0.0169f,-0.0085f,-0.1012f,0.5443f,0.8328f,0.7671f,-0.1222f,0.8239f,-0.5534f,0.1625f,0f,0f,0f,1f],start_interpolation: 0,interpolation_duration: 1}
$data merge entity $(bone_head_hat) {transformation: [-0.9973f,-0.0711f,-0.0169f,0.0156f,-0.0534f,0.551f,0.8328f,0.5064f,-0.05f,0.8314f,-0.5534f,-0.0404f,0f,0f,0f,1f],start_interpolation: 0,interpolation_duration: 1}
$data merge entity $(bone_rightarm) {transformation: [-1f,0f,0f,-0.2361f,0f,0.9327f,-0.3607f,0.4234f,0f,-0.3607f,-0.9327f,-0.0625f,0f,0f,0f,1f],start_interpolation: 0,interpolation_duration: 1}
$data merge entity $(bone_leftarm) {transformation: [-1f,0f,0f,0.2049f,0f,0.8325f,-0.554f,0.3765f,0f,-0.554f,-0.8325f,-0.0625f,0f,0f,0f,1f],start_interpolation: 0,interpolation_duration: 1}