# This file was generated by Animated Java via MC-Build. It is not recommended to edit this file directly.
$data merge entity $(bone_hat) {transformation: [-0.971f,-0.2385f,0.0182f,-0.0435f,-0.2392f,0.9689f,-0.0629f,0.8224f,-0.0026f,-0.0655f,-0.9979f,-0.1528f,0f,0f,0f,1f],start_interpolation: 0,interpolation_duration: 1}
$data merge entity $(bone_head_hat) {transformation: [-0.9881f,-0.1529f,0.0182f,0.0026f,-0.1538f,0.9861f,-0.0629f,0.5194f,-0.0083f,-0.065f,-0.9979f,-0.0273f,0f,0f,0f,1f],start_interpolation: 0,interpolation_duration: 1}
$data merge entity $(bone_rightarm) {transformation: [-1f,0f,0f,-0.187f,0f,0.6898f,-0.724f,0.4848f,0f,-0.724f,-0.6898f,-0.0625f,0f,0f,0f,1f],start_interpolation: 0,interpolation_duration: 1}
$data merge entity $(bone_leftarm) {transformation: [-1f,0f,0f,0.1803f,0f,0.5167f,-0.8562f,0.4747f,0f,-0.8562f,-0.5167f,-0.0625f,0f,0f,0f,1f],start_interpolation: 0,interpolation_duration: 1}
$data merge entity $(bone_staff) {transformation: [0.792f,0.036f,-0.9624f,0.4367f,-0.1914f,1.2271f,-0.1117f,0.5435f,0.9439f,0.2187f,0.7849f,0.1023f,0f,0f,0f,1f],start_interpolation: 0,interpolation_duration: 1}
$data merge entity $(bone_jacket) {transformation: [-1f,0f,0f,0f,0f,1f,-0.0024f,0.522f,0f,-0.0024f,-1f,-0.0247f,0f,0f,0f,1f],start_interpolation: 0,interpolation_duration: 1}