# This file was generated by Animated Java via MC-Build. It is not recommended to edit this file directly.
$data merge entity $(bone_hat) {transformation: [-0.9873f,-0.1581f,-0.0156f,-0.0085f,-0.1025f,0.5592f,0.8227f,0.7707f,-0.1213f,0.8138f,-0.5683f,0.1577f,0f,0f,0f,1f],start_interpolation: 0,interpolation_duration: 1}
$data merge entity $(bone_head_hat) {transformation: [-0.9973f,-0.0714f,-0.0156f,0.0156f,-0.0534f,0.566f,0.8227f,0.5064f,-0.05f,0.8213f,-0.5683f,-0.0404f,0f,0f,0f,1f],start_interpolation: 0,interpolation_duration: 1}
$data merge entity $(bone_rightarm) {transformation: [-1f,0f,0f,-0.2361f,0f,0.9325f,-0.3612f,0.4234f,0f,-0.3612f,-0.9325f,-0.0625f,0f,0f,0f,1f],start_interpolation: 0,interpolation_duration: 1}
$data merge entity $(bone_leftarm) {transformation: [-1f,0f,0f,0.2049f,0f,0.8322f,-0.5545f,0.3765f,0f,-0.5545f,-0.8322f,-0.0625f,0f,0f,0f,1f],start_interpolation: 0,interpolation_duration: 1}