# This file was generated by Animated Java via MC-Build. It is not recommended to edit this file directly.
$data merge entity $(bone_hat) {transformation: [-0.9873f,-0.1583f,-0.0144f,-0.0084f,-0.1037f,0.5729f,0.813f,0.7741f,-0.1205f,0.8042f,-0.5821f,0.1532f,0f,0f,0f,1f],start_interpolation: 0,interpolation_duration: 1}
$data merge entity $(bone_head_hat) {transformation: [-0.9973f,-0.0717f,-0.0144f,0.0156f,-0.0534f,0.5798f,0.813f,0.5064f,-0.05f,0.8116f,-0.5821f,-0.0404f,0f,0f,0f,1f],start_interpolation: 0,interpolation_duration: 1}
$data merge entity $(bone_rightarm) {transformation: [-1f,0f,0f,-0.2361f,0f,0.9312f,-0.3646f,0.4234f,0f,-0.3646f,-0.9312f,-0.0625f,0f,0f,0f,1f],start_interpolation: 0,interpolation_duration: 1}
$data merge entity $(bone_leftarm) {transformation: [-1f,0f,0f,0.2049f,0f,0.8302f,-0.5575f,0.3765f,0f,-0.5575f,-0.8302f,-0.0625f,0f,0f,0f,1f],start_interpolation: 0,interpolation_duration: 1}