# This file was generated by Animated Java via MC-Build. It is not recommended to edit this file directly.
$data merge entity $(bone_hat) {transformation: [-0.9873f,-0.1587f,-0.0126f,-0.0083f,-0.1055f,0.5926f,0.7985f,0.7787f,-0.1192f,0.7897f,-0.6018f,0.1466f,0f,0f,0f,1f],start_interpolation: 0,interpolation_duration: 1}
$data merge entity $(bone_head_hat) {transformation: [-0.9973f,-0.072f,-0.0126f,0.0156f,-0.0534f,0.5996f,0.7985f,0.5064f,-0.05f,0.7971f,-0.6018f,-0.0404f,0f,0f,0f,1f],start_interpolation: 0,interpolation_duration: 1}
$data merge entity $(bone_rightarm) {transformation: [-1f,0f,0f,-0.2361f,0f,0.926f,-0.3776f,0.4234f,0f,-0.3776f,-0.926f,-0.0625f,0f,0f,0f,1f],start_interpolation: 0,interpolation_duration: 1}
$data merge entity $(bone_leftarm) {transformation: [-1f,0f,0f,0.2049f,0f,0.8223f,-0.5691f,0.3765f,0f,-0.5691f,-0.8223f,-0.0625f,0f,0f,0f,1f],start_interpolation: 0,interpolation_duration: 1}