# This file was generated by Animated Java via MC-Build. It is not recommended to edit this file directly.
$data merge entity $(bone_hat) {transformation: [-0.9872f,-0.1587f,-0.0123f,-0.0083f,-0.1058f,0.5964f,0.7957f,0.7796f,-0.119f,0.7868f,-0.6056f,0.1453f,0f,0f,0f,1f],start_interpolation: 0,interpolation_duration: 1}
$data merge entity $(bone_head_hat) {transformation: [-0.9973f,-0.0721f,-0.0123f,0.0156f,-0.0534f,0.6034f,0.7957f,0.5064f,-0.05f,0.7942f,-0.6056f,-0.0404f,0f,0f,0f,1f],start_interpolation: 0,interpolation_duration: 1}
$data merge entity $(bone_rightarm) {transformation: [-1f,0f,0f,-0.2361f,0f,0.9225f,-0.386f,0.4234f,0f,-0.386f,-0.9225f,-0.0625f,0f,0f,0f,1f],start_interpolation: 0,interpolation_duration: 1}
$data merge entity $(bone_leftarm) {transformation: [-1f,0f,0f,0.2049f,0f,0.8171f,-0.5765f,0.3765f,0f,-0.5765f,-0.8171f,-0.0625f,0f,0f,0f,1f],start_interpolation: 0,interpolation_duration: 1}