# This file was generated by Animated Java via MC-Build. It is not recommended to edit this file directly.
$data merge entity $(bone_hat) {transformation: [-0.9872f,-0.1588f,-0.0121f,-0.0083f,-0.1059f,0.5978f,0.7946f,0.78f,-0.1189f,0.7857f,-0.607f,0.1448f,0f,0f,0f,1f],start_interpolation: 0,interpolation_duration: 1}
$data merge entity $(bone_head_hat) {transformation: [-0.9973f,-0.0721f,-0.0121f,0.0156f,-0.0534f,0.6048f,0.7946f,0.5064f,-0.05f,0.7931f,-0.607f,-0.0404f,0f,0f,0f,1f],start_interpolation: 0,interpolation_duration: 1}
$data merge entity $(bone_rightarm) {transformation: [-1f,0f,0f,-0.2361f,0f,0.9188f,-0.3947f,0.4234f,0f,-0.3947f,-0.9188f,-0.0625f,0f,0f,0f,1f],start_interpolation: 0,interpolation_duration: 1}
$data merge entity $(bone_leftarm) {transformation: [-1f,0f,0f,0.2049f,0f,0.8116f,-0.5842f,0.3765f,0f,-0.5842f,-0.8116f,-0.0625f,0f,0f,0f,1f],start_interpolation: 0,interpolation_duration: 1}