# This file was generated by Animated Java via MC-Build. It is not recommended to edit this file directly.
$data merge entity $(bone_hat) {transformation: [-0.9872f,-0.1588f,-0.012f,-0.0083f,-0.106f,0.599f,0.7937f,0.7802f,-0.1188f,0.7849f,-0.6082f,0.1444f,0f,0f,0f,1f],start_interpolation: 0,interpolation_duration: 1}
$data merge entity $(bone_head_hat) {transformation: [-0.9973f,-0.0721f,-0.012f,0.0156f,-0.0534f,0.6059f,0.7937f,0.5064f,-0.05f,0.7922f,-0.6082f,-0.0404f,0f,0f,0f,1f],start_interpolation: 0,interpolation_duration: 1}
$data merge entity $(bone_rightarm) {transformation: [-1f,0f,0f,-0.2361f,0f,0.9151f,-0.4032f,0.4234f,0f,-0.4032f,-0.9151f,-0.0625f,0f,0f,0f,1f],start_interpolation: 0,interpolation_duration: 1}
$data merge entity $(bone_leftarm) {transformation: [-1f,0f,0f,0.2049f,0f,0.8062f,-0.5917f,0.3765f,0f,-0.5917f,-0.8062f,-0.0625f,0f,0f,0f,1f],start_interpolation: 0,interpolation_duration: 1}