# This file was generated by Animated Java via MC-Build. It is not recommended to edit this file directly.
$data merge entity $(bone_hat) {transformation: [-0.9872f,-0.1588f,-0.0119f,-0.0083f,-0.1062f,0.6007f,0.7924f,0.7806f,-0.1187f,0.7836f,-0.6099f,0.1438f,0f,0f,0f,1f],start_interpolation: 0,interpolation_duration: 1}
$data merge entity $(bone_head_hat) {transformation: [-0.9973f,-0.0722f,-0.0119f,0.0156f,-0.0534f,0.6077f,0.7924f,0.5064f,-0.05f,0.7909f,-0.6099f,-0.0404f,0f,0f,0f,1f],start_interpolation: 0,interpolation_duration: 1}
$data merge entity $(bone_rightarm) {transformation: [-1f,0f,0f,-0.2361f,0f,0.907f,-0.4211f,0.4234f,0f,-0.4211f,-0.907f,-0.0625f,0f,0f,0f,1f],start_interpolation: 0,interpolation_duration: 1}
$data merge entity $(bone_leftarm) {transformation: [-1f,0f,0f,0.2049f,0f,0.7944f,-0.6074f,0.3765f,0f,-0.6074f,-0.7944f,-0.0625f,0f,0f,0f,1f],start_interpolation: 0,interpolation_duration: 1}