# This file was generated by Animated Java via MC-Build. It is not recommended to edit this file directly.
$data merge entity $(bone_hat) {transformation: [-0.9732f,-0.2286f,0.0261f,-0.0383f,-0.23f,0.9685f,-0.0953f,0.8175f,-0.0035f,-0.0988f,-0.9951f,-0.1641f,0f,0f,0f,1f],start_interpolation: 0,interpolation_duration: 1}
$data merge entity $(bone_head_hat) {transformation: [-0.9894f,-0.1429f,0.0261f,0.0038f,-0.1447f,0.9849f,-0.0953f,0.5182f,-0.0121f,-0.0981f,-0.9951f,-0.0285f,0f,0f,0f,1f],start_interpolation: 0,interpolation_duration: 1}
$data merge entity $(bone_rightarm) {transformation: [-1f,0f,0f,-0.1915f,0f,0.501f,-0.8655f,0.4792f,0f,-0.8655f,-0.501f,-0.0625f,0f,0f,0f,1f],start_interpolation: 0,interpolation_duration: 1}
$data merge entity $(bone_leftarm) {transformation: [-1f,0f,0f,0.1825f,0f,0.3018f,-0.9534f,0.4658f,0f,-0.9534f,-0.3018f,-0.0625f,0f,0f,0f,1f],start_interpolation: 0,interpolation_duration: 1}
$data merge entity $(bone_staff) {transformation: [0.8139f,0.0227f,-0.9444f,0.4364f,-0.0236f,1.2467f,0.0097f,0.5891f,0.9444f,0.0116f,0.8141f,0.1174f,0f,0f,0f,1f],start_interpolation: 0,interpolation_duration: 1}
$data merge entity $(bone_jacket) {transformation: [-1f,0f,0f,0f,0f,1f,-0.0038f,0.522f,0f,-0.0038f,-1f,-0.0247f,0f,0f,0f,1f],start_interpolation: 0,interpolation_duration: 1}