# This file was generated by Animated Java via MC-Build. It is not recommended to edit this file directly.
$data merge entity $(bone_hat) {transformation: [-0.9872f,-0.1588f,-0.0119f,-0.0083f,-0.1061f,0.6004f,0.7926f,0.7806f,-0.1187f,0.7838f,-0.6096f,0.1439f,0f,0f,0f,1f],start_interpolation: 0,interpolation_duration: 1}
$data merge entity $(bone_head_hat) {transformation: [-0.9973f,-0.0721f,-0.0119f,0.0156f,-0.0534f,0.6074f,0.7926f,0.5064f,-0.05f,0.7911f,-0.6096f,-0.0404f,0f,0f,0f,1f],start_interpolation: 0,interpolation_duration: 1}
$data merge entity $(bone_rightarm) {transformation: [-1f,0f,0f,-0.2361f,0f,0.9065f,-0.4222f,0.4234f,0f,-0.4222f,-0.9065f,-0.0625f,0f,0f,0f,1f],start_interpolation: 0,interpolation_duration: 1}
$data merge entity $(bone_leftarm) {transformation: [-1f,0f,0f,0.2049f,0f,0.7936f,-0.6084f,0.3765f,0f,-0.6084f,-0.7936f,-0.0625f,0f,0f,0f,1f],start_interpolation: 0,interpolation_duration: 1}