# This file was generated by Animated Java via MC-Build. It is not recommended to edit this file directly.
$data merge entity $(bone_hat) {transformation: [-0.9872f,-0.1588f,-0.012f,-0.0083f,-0.1061f,0.5998f,0.7931f,0.7804f,-0.1188f,0.7842f,-0.609f,0.1441f,0f,0f,0f,1f],start_interpolation: 0,interpolation_duration: 1}
$data merge entity $(bone_head_hat) {transformation: [-0.9973f,-0.0721f,-0.012f,0.0156f,-0.0534f,0.6068f,0.7931f,0.5064f,-0.05f,0.7916f,-0.609f,-0.0404f,0f,0f,0f,1f],start_interpolation: 0,interpolation_duration: 1}
$data merge entity $(bone_rightarm) {transformation: [-1f,0f,0f,-0.2361f,0f,0.9071f,-0.421f,0.4234f,0f,-0.421f,-0.9071f,-0.0625f,0f,0f,0f,1f],start_interpolation: 0,interpolation_duration: 1}
$data merge entity $(bone_leftarm) {transformation: [-1f,0f,0f,0.2049f,0f,0.7944f,-0.6073f,0.3765f,0f,-0.6073f,-0.7944f,-0.0625f,0f,0f,0f,1f],start_interpolation: 0,interpolation_duration: 1}