# This file was generated by Animated Java via MC-Build. It is not recommended to edit this file directly.
$data merge entity $(bone_hat) {transformation: [-0.9872f,-0.1587f,-0.0125f,-0.0083f,-0.1056f,0.5944f,0.7972f,0.7792f,-0.1191f,0.7883f,-0.6036f,0.146f,0f,0f,0f,1f],start_interpolation: 0,interpolation_duration: 1}
$data merge entity $(bone_head_hat) {transformation: [-0.9973f,-0.0721f,-0.0125f,0.0156f,-0.0534f,0.6014f,0.7972f,0.5064f,-0.05f,0.7957f,-0.6036f,-0.0404f,0f,0f,0f,1f],start_interpolation: 0,interpolation_duration: 1}
$data merge entity $(bone_rightarm) {transformation: [-1f,0f,0f,-0.2361f,0f,0.9118f,-0.4106f,0.4234f,0f,-0.4106f,-0.9118f,-0.0625f,0f,0f,0f,1f],start_interpolation: 0,interpolation_duration: 1}
$data merge entity $(bone_leftarm) {transformation: [-1f,0f,0f,0.2049f,0f,0.8014f,-0.5982f,0.3765f,0f,-0.5982f,-0.8014f,-0.0625f,0f,0f,0f,1f],start_interpolation: 0,interpolation_duration: 1}