# This file was generated by Animated Java via MC-Build. It is not recommended to edit this file directly.
$data merge entity $(bone_hat) {transformation: [-0.9873f,-0.1587f,-0.0127f,-0.0083f,-0.1054f,0.5918f,0.7992f,0.7785f,-0.1193f,0.7904f,-0.6009f,0.1469f,0f,0f,0f,1f],start_interpolation: 0,interpolation_duration: 1}
$data merge entity $(bone_head_hat) {transformation: [-0.9973f,-0.072f,-0.0127f,0.0156f,-0.0534f,0.5987f,0.7992f,0.5064f,-0.05f,0.7977f,-0.6009f,-0.0404f,0f,0f,0f,1f],start_interpolation: 0,interpolation_duration: 1}
$data merge entity $(bone_rightarm) {transformation: [-1f,0f,0f,-0.2361f,0f,0.9134f,-0.4071f,0.4234f,0f,-0.4071f,-0.9134f,-0.0625f,0f,0f,0f,1f],start_interpolation: 0,interpolation_duration: 1}
$data merge entity $(bone_leftarm) {transformation: [-1f,0f,0f,0.2049f,0f,0.8036f,-0.5951f,0.3765f,0f,-0.5951f,-0.8036f,-0.0625f,0f,0f,0f,1f],start_interpolation: 0,interpolation_duration: 1}