# This file was generated by Animated Java via MC-Build. It is not recommended to edit this file directly.
$data merge entity $(bone_hat) {transformation: [-0.9873f,-0.1586f,-0.013f,-0.0083f,-0.1051f,0.5885f,0.8016f,0.7778f,-0.1195f,0.7928f,-0.5977f,0.148f,0f,0f,0f,1f],start_interpolation: 0,interpolation_duration: 1}
$data merge entity $(bone_head_hat) {transformation: [-0.9973f,-0.072f,-0.013f,0.0156f,-0.0534f,0.5954f,0.8016f,0.5064f,-0.05f,0.8002f,-0.5977f,-0.0404f,0f,0f,0f,1f],start_interpolation: 0,interpolation_duration: 1}
$data merge entity $(bone_rightarm) {transformation: [-1f,0f,0f,-0.2361f,0f,0.915f,-0.4034f,0.4234f,0f,-0.4034f,-0.915f,-0.0625f,0f,0f,0f,1f],start_interpolation: 0,interpolation_duration: 1}
$data merge entity $(bone_leftarm) {transformation: [-1f,0f,0f,0.2049f,0f,0.806f,-0.5919f,0.3765f,0f,-0.5919f,-0.806f,-0.0625f,0f,0f,0f,1f],start_interpolation: 0,interpolation_duration: 1}