# This file was generated by Animated Java via MC-Build. It is not recommended to edit this file directly.
$data merge entity $(bone_hat) {transformation: [-0.9873f,-0.1585f,-0.0133f,-0.0084f,-0.1048f,0.5849f,0.8043f,0.7769f,-0.1197f,0.7955f,-0.594f,0.1492f,0f,0f,0f,1f],start_interpolation: 0,interpolation_duration: 1}
$data merge entity $(bone_head_hat) {transformation: [-0.9973f,-0.0719f,-0.0133f,0.0156f,-0.0534f,0.5918f,0.8043f,0.5064f,-0.05f,0.8029f,-0.594f,-0.0404f,0f,0f,0f,1f],start_interpolation: 0,interpolation_duration: 1}
$data merge entity $(bone_rightarm) {transformation: [-1f,0f,0f,-0.2361f,0f,0.9166f,-0.3997f,0.4234f,0f,-0.3997f,-0.9166f,-0.0625f,0f,0f,0f,1f],start_interpolation: 0,interpolation_duration: 1}
$data merge entity $(bone_leftarm) {transformation: [-1f,0f,0f,0.2049f,0f,0.8084f,-0.5886f,0.3765f,0f,-0.5886f,-0.8084f,-0.0625f,0f,0f,0f,1f],start_interpolation: 0,interpolation_duration: 1}