# This file was generated by Animated Java via MC-Build. It is not recommended to edit this file directly.
$data merge entity $(bone_hat) {transformation: [-0.9755f,-0.2174f,0.0339f,-0.0327f,-0.2199f,0.9668f,-0.1302f,0.8117f,-0.0045f,-0.1345f,-0.9909f,-0.1761f,0f,0f,0f,1f],start_interpolation: 0,interpolation_duration: 1}
$data merge entity $(bone_head_hat) {transformation: [-0.9907f,-0.1315f,0.0339f,0.0051f,-0.1348f,0.9823f,-0.1302f,0.517f,-0.0162f,-0.1336f,-0.9909f,-0.0298f,0f,0f,0f,1f],start_interpolation: 0,interpolation_duration: 1}
$data merge entity $(bone_rightarm) {transformation: [-1f,0f,0f,-0.1959f,0f,0.2652f,-0.9642f,0.4736f,0f,-0.9642f,-0.2652f,-0.0625f,0f,0f,0f,1f],start_interpolation: 0,interpolation_duration: 1}
$data merge entity $(bone_leftarm) {transformation: [-1f,0f,0f,0.1848f,0f,0.0502f,-0.9987f,0.4569f,0f,-0.9987f,-0.0502f,-0.0625f,0f,0f,0f,1f],start_interpolation: 0,interpolation_duration: 1}
$data merge entity $(bone_staff) {transformation: [0.811f,0.011f,-0.9471f,0.4364f,0.1428f,1.2312f,0.1366f,0.6316f,0.9364f,-0.1973f,0.7995f,0.1265f,0f,0f,0f,1f],start_interpolation: 0,interpolation_duration: 1}
$data merge entity $(bone_jacket) {transformation: [-1f,0f,0f,0f,0f,1f,-0.0054f,0.522f,0f,-0.0054f,-1f,-0.0247f,0f,0f,0f,1f],start_interpolation: 0,interpolation_duration: 1}