# This file was generated by Animated Java via MC-Build. It is not recommended to edit this file directly.
$data merge entity $(bone_hat) {transformation: [-0.9873f,-0.1585f,-0.0137f,-0.0084f,-0.1044f,0.581f,0.8072f,0.776f,-0.12f,0.7983f,-0.5901f,0.1505f,0f,0f,0f,1f],start_interpolation: 0,interpolation_duration: 1}
$data merge entity $(bone_head_hat) {transformation: [-0.9973f,-0.0718f,-0.0137f,0.0156f,-0.0534f,0.5879f,0.8072f,0.5064f,-0.05f,0.8058f,-0.5901f,-0.0404f,0f,0f,0f,1f],start_interpolation: 0,interpolation_duration: 1}
$data merge entity $(bone_rightarm) {transformation: [-1f,0f,0f,-0.2361f,0f,0.9182f,-0.3961f,0.4234f,0f,-0.3961f,-0.9182f,-0.0625f,0f,0f,0f,1f],start_interpolation: 0,interpolation_duration: 1}
$data merge entity $(bone_leftarm) {transformation: [-1f,0f,0f,0.2049f,0f,0.8107f,-0.5854f,0.3765f,0f,-0.5854f,-0.8107f,-0.0625f,0f,0f,0f,1f],start_interpolation: 0,interpolation_duration: 1}