# This file was generated by Animated Java via MC-Build. It is not recommended to edit this file directly.
$data merge entity $(bone_hat) {transformation: [-0.9873f,-0.1584f,-0.014f,-0.0084f,-0.1041f,0.577f,0.8101f,0.775f,-0.1202f,0.8012f,-0.5861f,0.1519f,0f,0f,0f,1f],start_interpolation: 0,interpolation_duration: 1}
$data merge entity $(bone_head_hat) {transformation: [-0.9973f,-0.0718f,-0.014f,0.0156f,-0.0534f,0.5839f,0.8101f,0.5064f,-0.05f,0.8087f,-0.5861f,-0.0404f,0f,0f,0f,1f],start_interpolation: 0,interpolation_duration: 1}
$data merge entity $(bone_rightarm) {transformation: [-1f,0f,0f,-0.2361f,0f,0.9197f,-0.3926f,0.4234f,0f,-0.3926f,-0.9197f,-0.0625f,0f,0f,0f,1f],start_interpolation: 0,interpolation_duration: 1}
$data merge entity $(bone_leftarm) {transformation: [-1f,0f,0f,0.2049f,0f,0.8129f,-0.5824f,0.3765f,0f,-0.5824f,-0.8129f,-0.0625f,0f,0f,0f,1f],start_interpolation: 0,interpolation_duration: 1}