# This file was generated by Animated Java via MC-Build. It is not recommended to edit this file directly.
$data merge entity $(bone_hat) {transformation: [-0.9873f,-0.1583f,-0.0147f,-0.0084f,-0.1034f,0.5694f,0.8156f,0.7732f,-0.1207f,0.8067f,-0.5785f,0.1544f,0f,0f,0f,1f],start_interpolation: 0,interpolation_duration: 1}
$data merge entity $(bone_head_hat) {transformation: [-0.9973f,-0.0716f,-0.0147f,0.0156f,-0.0534f,0.5762f,0.8156f,0.5064f,-0.05f,0.8142f,-0.5785f,-0.0404f,0f,0f,0f,1f],start_interpolation: 0,interpolation_duration: 1}
$data merge entity $(bone_rightarm) {transformation: [-1f,0f,0f,-0.2361f,0f,0.9222f,-0.3867f,0.4234f,0f,-0.3867f,-0.9222f,-0.0625f,0f,0f,0f,1f],start_interpolation: 0,interpolation_duration: 1}
$data merge entity $(bone_leftarm) {transformation: [-1f,0f,0f,0.2049f,0f,0.8167f,-0.5771f,0.3765f,0f,-0.5771f,-0.8167f,-0.0625f,0f,0f,0f,1f],start_interpolation: 0,interpolation_duration: 1}