# This file was generated by Animated Java via MC-Build. It is not recommended to edit this file directly.
$data merge entity $(bone_hat) {transformation: [-0.9873f,-0.1582f,-0.015f,-0.0084f,-0.1031f,0.5661f,0.8179f,0.7724f,-0.1209f,0.809f,-0.5752f,0.1555f,0f,0f,0f,1f],start_interpolation: 0,interpolation_duration: 1}
$data merge entity $(bone_head_hat) {transformation: [-0.9973f,-0.0716f,-0.015f,0.0156f,-0.0534f,0.5729f,0.8179f,0.5064f,-0.05f,0.8165f,-0.5752f,-0.0404f,0f,0f,0f,1f],start_interpolation: 0,interpolation_duration: 1}
$data merge entity $(bone_rightarm) {transformation: [-1f,0f,0f,-0.2361f,0f,0.9232f,-0.3844f,0.4234f,0f,-0.3844f,-0.9232f,-0.0625f,0f,0f,0f,1f],start_interpolation: 0,interpolation_duration: 1}
$data merge entity $(bone_leftarm) {transformation: [-1f,0f,0f,0.2049f,0f,0.8181f,-0.5751f,0.3765f,0f,-0.5751f,-0.8181f,-0.0625f,0f,0f,0f,1f],start_interpolation: 0,interpolation_duration: 1}