# This file was generated by Animated Java via MC-Build. It is not recommended to edit this file directly.
$data merge entity $(bone_hat) {transformation: [-0.9873f,-0.1582f,-0.0152f,-0.0084f,-0.1029f,0.5633f,0.8198f,0.7717f,-0.1211f,0.811f,-0.5724f,0.1564f,0f,0f,0f,1f],start_interpolation: 0,interpolation_duration: 1}
$data merge entity $(bone_head_hat) {transformation: [-0.9973f,-0.0715f,-0.0152f,0.0156f,-0.0534f,0.5701f,0.8198f,0.5064f,-0.05f,0.8184f,-0.5724f,-0.0404f,0f,0f,0f,1f],start_interpolation: 0,interpolation_duration: 1}
$data merge entity $(bone_rightarm) {transformation: [-1f,0f,0f,-0.2361f,0f,0.9239f,-0.3827f,0.4234f,0f,-0.3827f,-0.9239f,-0.0625f,0f,0f,0f,1f],start_interpolation: 0,interpolation_duration: 1}
$data merge entity $(bone_leftarm) {transformation: [-1f,0f,0f,0.2049f,0f,0.8192f,-0.5736f,0.3765f,0f,-0.5736f,-0.8192f,-0.0625f,0f,0f,0f,1f],start_interpolation: 0,interpolation_duration: 1}