# This file was generated by Animated Java via MC-Build. It is not recommended to edit this file directly.
$data merge entity $(bone_hat) {transformation: [-0.9779f,-0.2052f,0.0412f,-0.0267f,-0.2092f,0.9637f,-0.1658f,0.8053f,-0.0057f,-0.1708f,-0.9853f,-0.1882f,0f,0f,0f,1f],start_interpolation: 0,interpolation_duration: 1}
$data merge entity $(bone_head_hat) {transformation: [-0.992f,-0.1192f,0.0412f,0.0064f,-0.1244f,0.9783f,-0.1658f,0.5156f,-0.0205f,-0.1696f,-0.9853f,-0.0312f,0f,0f,0f,1f],start_interpolation: 0,interpolation_duration: 1}
$data merge entity $(bone_rightarm) {transformation: [-1f,0f,0f,-0.2004f,0f,0.0006f,-1f,0.468f,0f,-1f,-0.0006f,-0.0625f,0f,0f,0f,1f],start_interpolation: 0,interpolation_duration: 1}
$data merge entity $(bone_leftarm) {transformation: [-1f,0f,0f,0.187f,0f,-0.2158f,-0.9764f,0.4479f,0f,-0.9764f,0.2158f,-0.0625f,0f,0f,0f,1f],start_interpolation: 0,interpolation_duration: 1}
$data merge entity $(bone_staff) {transformation: [0.7944f,0.0092f,-0.9611f,0.4367f,0.2943f,1.1847f,0.2545f,0.666f,0.915f,-0.389f,0.7525f,0.1252f,0f,0f,0f,1f],start_interpolation: 0,interpolation_duration: 1}
$data merge entity $(bone_jacket) {transformation: [-1f,0f,0f,0f,0f,1f,-0.0069f,0.522f,0f,-0.0069f,-1f,-0.0247f,0f,0f,0f,1f],start_interpolation: 0,interpolation_duration: 1}