# This file was generated by Animated Java via MC-Build. It is not recommended to edit this file directly.
$data merge entity $(bone_hat) {transformation: [-0.9802f,-0.1925f,0.0475f,-0.0206f,-0.1981f,0.9595f,-0.2002f,0.7987f,-0.0071f,-0.2056f,-0.9786f,-0.1997f,0f,0f,0f,1f],start_interpolation: 0,interpolation_duration: 1}
$data merge entity $(bone_head_hat) {transformation: [-0.9932f,-0.1063f,0.0475f,0.0078f,-0.1137f,0.9731f,-0.2002f,0.5142f,-0.025f,-0.2042f,-0.9786f,-0.0325f,0f,0f,0f,1f],start_interpolation: 0,interpolation_duration: 1}
$data merge entity $(bone_rightarm) {transformation: [-1f,0f,0f,-0.2049f,0f,-0.2667f,-0.9638f,0.4624f,0f,-0.9638f,0.2667f,-0.0625f,0f,0f,0f,1f],start_interpolation: 0,interpolation_duration: 1}
$data merge entity $(bone_leftarm) {transformation: [-1f,0f,0f,0.1892f,0f,-0.469f,-0.8832f,0.439f,0f,-0.8832f,0.469f,-0.0625f,0f,0f,0f,1f],start_interpolation: 0,interpolation_duration: 1}
$data merge entity $(bone_staff) {transformation: [0.7824f,0.0153f,-0.9708f,0.4375f,0.4222f,1.1174f,0.3578f,0.6875f,0.8744f,-0.5532f,0.6959f,0.1094f,0f,0f,0f,1f],start_interpolation: 0,interpolation_duration: 1}
$data merge entity $(bone_jacket) {transformation: [-1f,0f,0f,0f,0f,1f,-0.0082f,0.522f,0f,-0.0082f,-1f,-0.0247f,0f,0f,0f,1f],start_interpolation: 0,interpolation_duration: 1}