# This file was generated by Animated Java via MC-Build. It is not recommended to edit this file directly.
$data merge entity $(bone_hat) {transformation: [-0.9823f,-0.1796f,0.0527f,-0.0145f,-0.1869f,0.9547f,-0.2314f,0.7922f,-0.0088f,-0.2372f,-0.9714f,-0.2102f,0f,0f,0f,1f],start_interpolation: 0,interpolation_duration: 1}
$data merge entity $(bone_head_hat) {transformation: [-0.9942f,-0.0933f,0.0527f,0.0092f,-0.103f,0.9674f,-0.2314f,0.5128f,-0.0294f,-0.2355f,-0.9714f,-0.0339f,0f,0f,0f,1f],start_interpolation: 0,interpolation_duration: 1}
$data merge entity $(bone_rightarm) {transformation: [-1f,0f,0f,-0.2093f,0f,-0.5098f,-0.8603f,0.4569f,0f,-0.8603f,0.5098f,-0.0625f,0f,0f,0f,1f],start_interpolation: 0,interpolation_duration: 1}
$data merge entity $(bone_leftarm) {transformation: [-1f,0f,0f,0.1915f,0f,-0.6839f,-0.7296f,0.4301f,0f,-0.7296f,0.6839f,-0.0625f,0f,0f,0f,1f],start_interpolation: 0,interpolation_duration: 1}
$data merge entity $(bone_staff) {transformation: [0.7899f,0.0089f,-0.9648f,0.4382f,0.5481f,1.022f,0.4582f,0.6947f,0.7941f,-0.7143f,0.6435f,0.0716f,0f,0f,0f,1f],start_interpolation: 0,interpolation_duration: 1}
$data merge entity $(bone_jacket) {transformation: [-1f,0f,0f,0f,0f,1f,-0.0092f,0.522f,0f,-0.0092f,-1f,-0.0247f,0f,0f,0f,1f],start_interpolation: 0,interpolation_duration: 1}