# This file was generated by Animated Java via MC-Build. It is not recommended to edit this file directly.
$data merge entity $(bone_hat) {transformation: [-0.9843f,-0.167f,0.0567f,-0.0088f,-0.176f,0.95f,-0.2578f,0.7863f,-0.0108f,-0.2637f,-0.9645f,-0.219f,0f,0f,0f,1f],start_interpolation: 0,interpolation_duration: 1}
$data merge entity $(bone_head_hat) {transformation: [-0.9951f,-0.0806f,0.0567f,0.0106f,-0.0926f,0.9618f,-0.2578f,0.5115f,-0.0338f,-0.2618f,-0.9645f,-0.0353f,0f,0f,0f,1f],start_interpolation: 0,interpolation_duration: 1}
$data merge entity $(bone_rightarm) {transformation: [-1f,0f,0f,-0.2138f,0f,-0.7073f,-0.7069f,0.4513f,0f,-0.7069f,0.7073f,-0.0625f,0f,0f,0f,1f],start_interpolation: 0,interpolation_duration: 1}
$data merge entity $(bone_leftarm) {transformation: [-1f,0f,0f,0.1937f,0f,-0.8435f,-0.5371f,0.4211f,0f,-0.5371f,0.8435f,-0.0625f,0f,0f,0f,1f],start_interpolation: 0,interpolation_duration: 1}
$data merge entity $(bone_staff) {transformation: [0.8002f,-0.0188f,-0.9561f,0.4385f,0.6875f,0.8779f,0.5581f,0.6915f,0.6647f,-0.8853f,0.5738f,0.0133f,0f,0f,0f,1f],start_interpolation: 0,interpolation_duration: 1}
$data merge entity $(bone_jacket) {transformation: [-1f,0f,0f,0f,0f,1f,-0.0097f,0.522f,0f,-0.0097f,-1f,-0.0247f,0f,0f,0f,1f],start_interpolation: 0,interpolation_duration: 1}