# This file was generated by Animated Java via MC-Build. It is not recommended to edit this file directly.
$data merge entity $(bone_cape) {transformation: [-1f,-0.006f,0.0072f,-0.0318f,-0.0061f,1f,-0.0042f,0.4126f,-0.0072f,-0.0042f,-1f,0.0378f,0f,0f,0f,1f],start_interpolation: 0,interpolation_duration: 1}
$data merge entity $(bone_hat) {transformation: [-0.967f,-0.2483f,0.0561f,-0.0377f,-0.2483f,0.9687f,0.0082f,0.8327f,-0.0564f,-0.006f,-0.9984f,-0.1302f,0f,0f,0f,1f],start_interpolation: 0,interpolation_duration: 1}
$data merge entity $(bone_head_hat) {transformation: [-0.985f,-0.1631f,0.0561f,0.0076f,-0.1629f,0.9866f,0.0082f,0.522f,-0.0567f,-0.001f,-0.9984f,-0.0247f,0f,0f,0f,1f],start_interpolation: 0,interpolation_duration: 1}
$data merge entity $(bone_rightarm) {transformation: [-1f,0f,0f,-0.1736f,0f,0.9537f,-0.3007f,0.5015f,0f,-0.3007f,-0.9537f,-0.0527f,0f,0f,0f,1f],start_interpolation: 0,interpolation_duration: 1}
$data merge entity $(bone_leftarm) {transformation: [-1f,-0.0052f,0.0005f,0.1753f,-0.0047f,0.8595f,-0.5111f,0.5015f,0.0022f,-0.5111f,-0.8595f,-0.0637f,0f,0f,0f,1f],start_interpolation: 0,interpolation_duration: 1}
$data merge entity $(bone_staff) {transformation: [0.628f,-0.0038f,-1.0772f,0.4397f,-0.5249f,1.0878f,-0.3099f,0.4403f,0.9407f,0.6096f,0.5463f,0.0615f,0f,0f,0f,1f],start_interpolation: 0,interpolation_duration: 1}
$data merge entity $(bone_jacket) {transformation: [-1f,-0.0036f,0.0086f,0f,-0.0036f,1f,-0.0007f,0.522f,-0.0086f,-0.0007f,-1f,-0.0247f,0f,0f,0f,1f],start_interpolation: 0,interpolation_duration: 1}