# This file was generated by Animated Java via MC-Build. It is not recommended to edit this file directly.
$data merge entity $(bone_cape) {transformation: [-0.9804f,-0.1133f,0.1609f,-0.0423f,-0.1258f,0.9896f,-0.0693f,0.4109f,-0.1514f,-0.0882f,-0.9845f,0.0391f,0f,0f,0f,1f],start_interpolation: 0,interpolation_duration: 1}
$data merge entity $(bone_hat) {transformation: [-0.6611f,-0.0653f,0.7475f,0.1414f,-0.0782f,0.9968f,0.018f,0.8379f,-0.7462f,-0.0466f,-0.6641f,-0.0888f,0f,0f,0f,1f],start_interpolation: 0,interpolation_duration: 1}
$data merge entity $(bone_head_hat) {transformation: [-0.6643f,-0.0075f,0.7475f,0.065f,0.009f,0.9998f,0.018f,0.522f,-0.7475f,0.0186f,-0.6641f,-0.0247f,0f,0f,0f,1f],start_interpolation: 0,interpolation_duration: 1}
$data merge entity $(bone_rightarm) {transformation: [-0.058f,0.9807f,-0.1866f,-0.1736f,0.9617f,0.105f,0.2532f,0.5015f,0.2679f,-0.1648f,-0.9492f,0.0618f,0f,0f,0f,1f],start_interpolation: 0,interpolation_duration: 1}
$data merge entity $(bone_leftarm) {transformation: [-0.9939f,-0.1027f,0.0389f,0.2057f,-0.0996f,0.6935f,-0.7135f,0.4805f,0.0463f,-0.7131f,-0.6995f,-0.0843f,0f,0f,0f,1f],start_interpolation: 0,interpolation_duration: 1}
$data merge entity $(bone_staff) {transformation: [0.6947f,-0.1061f,-1.03f,0.4772f,-0.2012f,1.2029f,-0.2596f,0.4794f,1.0157f,0.3108f,0.6531f,0.0409f,0f,0f,0f,1f],start_interpolation: 0,interpolation_duration: 1}
$data merge entity $(bone_jacket) {transformation: [-0.9831f,-0.0706f,0.169f,0f,-0.0717f,0.9974f,-0.0003f,0.522f,-0.1686f,-0.0124f,-0.9856f,-0.0247f,0f,0f,0f,1f],start_interpolation: 0,interpolation_duration: 1}