# This file was generated by Animated Java via MC-Build. It is not recommended to edit this file directly.
$data merge entity $(bone_cape) {transformation: [-0.9766f,-0.1226f,0.1769f,-0.0434f,-0.1374f,0.9878f,-0.0738f,0.4107f,-0.1657f,-0.0963f,-0.9815f,0.0392f,0f,0f,0f,1f],start_interpolation: 0,interpolation_duration: 1}
$data merge entity $(bone_hat) {transformation: [-0.6484f,-0.0627f,0.7587f,0.1426f,-0.0672f,0.9974f,0.025f,0.8385f,-0.7584f,-0.0348f,-0.6509f,-0.0834f,0f,0f,0f,1f],start_interpolation: 0,interpolation_duration: 1}
$data merge entity $(bone_head_hat) {transformation: [-0.6514f,-0.0059f,0.7587f,0.0646f,0.02f,0.9995f,0.025f,0.522f,-0.7585f,0.0315f,-0.6509f,-0.0247f,0f,0f,0f,1f],start_interpolation: 0,interpolation_duration: 1}
$data merge entity $(bone_rightarm) {transformation: [-0.0455f,0.999f,0.0034f,-0.1736f,0.9245f,0.0409f,0.3789f,0.5015f,0.3784f,0.0204f,-0.9254f,0.061f,0f,0f,0f,1f],start_interpolation: 0,interpolation_duration: 1}
$data merge entity $(bone_leftarm) {transformation: [-0.9926f,-0.1121f,0.0462f,0.2089f,-0.1099f,0.6716f,-0.7327f,0.4758f,0.0511f,-0.7324f,-0.679f,-0.0858f,0f,0f,0f,1f],start_interpolation: 0,interpolation_duration: 1}
$data merge entity $(bone_staff) {transformation: [0.6987f,-0.1198f,-1.0258f,0.4806f,-0.1639f,1.21f,-0.2529f,0.4815f,1.0197f,0.2766f,0.6623f,0.0388f,0f,0f,0f,1f],start_interpolation: 0,interpolation_duration: 1}
$data merge entity $(bone_jacket) {transformation: [-0.98f,-0.076f,0.1839f,0f,-0.0772f,0.997f,0.0002f,0.522f,-0.1833f,-0.014f,-0.983f,-0.0247f,0f,0f,0f,1f],start_interpolation: 0,interpolation_duration: 1}
