# This file was generated by Animated Java via MC-Build. It is not recommended to edit this file directly.
$data merge entity $(bone_cape) {transformation: [-0.9728f,-0.1308f,0.1914f,-0.0444f,-0.1478f,0.986f,-0.0775f,0.4106f,-0.1786f,-0.1037f,-0.9784f,0.0393f,0f,0f,0f,1f],start_interpolation: 0,interpolation_duration: 1}
$data merge entity $(bone_hat) {transformation: [-0.6403f,-0.0621f,0.7656f,0.1427f,-0.0561f,0.9978f,0.034f,0.8393f,-0.7661f,-0.0212f,-0.6424f,-0.078f,0f,0f,0f,1f],start_interpolation: 0,interpolation_duration: 1}
$data merge entity $(bone_head_hat) {transformation: [-0.6432f,-0.0061f,0.7656f,0.064f,0.0311f,0.9989f,0.034f,0.522f,-0.765f,0.0457f,-0.6424f,-0.0247f,0f,0f,0f,1f],start_interpolation: 0,interpolation_duration: 1}
$data merge entity $(bone_rightarm) {transformation: [-0.0776f,0.9855f,0.1509f,-0.1736f,0.9013f,0.0047f,0.4331f,0.5015f,0.4261f,0.1697f,-0.8886f,0.0599f,0f,0f,0f,1f],start_interpolation: 0,interpolation_duration: 1}
$data merge entity $(bone_leftarm) {transformation: [-0.9913f,-0.1206f,0.0536f,0.212f,-0.1197f,0.6503f,-0.7502f,0.471f,0.0557f,-0.7501f,-0.659f,-0.0872f,0f,0f,0f,1f],start_interpolation: 0,interpolation_duration: 1}
$data merge entity $(bone_staff) {transformation: [0.7019f,-0.133f,-1.022f,0.4837f,-0.1284f,1.2156f,-0.2464f,0.4831f,1.0226f,0.244f,0.6705f,0.0369f,0f,0f,0f,1f],start_interpolation: 0,interpolation_duration: 1}
$data merge entity $(bone_jacket) {transformation: [-0.9771f,-0.0803f,0.1969f,0f,-0.0818f,0.9967f,0.0006f,0.522f,-0.1963f,-0.0156f,-0.9804f,-0.0247f,0f,0f,0f,1f],start_interpolation: 0,interpolation_duration: 1}