# This file was generated by Animated Java via MC-Build. It is not recommended to edit this file directly.
$data merge entity $(bone_cape) {transformation: [-0.9692f,-0.1377f,0.2042f,-0.0452f,-0.1568f,0.9843f,-0.0805f,0.4104f,-0.1899f,-0.11f,-0.9756f,0.0394f,0f,0f,0f,1f],start_interpolation: 0,interpolation_duration: 1}
$data merge entity $(bone_hat) {transformation: [-0.636f,-0.0631f,0.7691f,0.1419f,-0.0453f,0.998f,0.0444f,0.8401f,-0.7704f,-0.0066f,-0.6376f,-0.0728f,0f,0f,0f,1f],start_interpolation: 0,interpolation_duration: 1}
$data merge entity $(bone_head_hat) {transformation: [-0.6391f,-0.0074f,0.7691f,0.0632f,0.0419f,0.9981f,0.0444f,0.522f,-0.768f,0.0606f,-0.6376f,-0.0247f,0f,0f,0f,1f],start_interpolation: 0,interpolation_duration: 1}
$data merge entity $(bone_rightarm) {transformation: [-0.1595f,0.9511f,0.2645f,-0.1736f,0.921f,0.0469f,0.3867f,0.5015f,0.3554f,0.3053f,-0.8835f,0.0586f,0f,0f,0f,1f],start_interpolation: 0,interpolation_duration: 1}
$data merge entity $(bone_leftarm) {transformation: [-0.9899f,-0.1282f,0.0608f,0.2149f,-0.1286f,0.63f,-0.7659f,0.4662f,0.0599f,-0.766f,-0.6401f,-0.0882f,0f,0f,0f,1f],start_interpolation: 0,interpolation_duration: 1}
$data merge entity $(bone_staff) {transformation: [0.7042f,-0.1456f,-1.0187f,0.4866f,-0.0954f,1.2198f,-0.2403f,0.4843f,1.0246f,0.2137f,0.6778f,0.0351f,0f,0f,0f,1f],start_interpolation: 0,interpolation_duration: 1}
$data merge entity $(bone_jacket) {transformation: [-0.9746f,-0.0834f,0.2079f,0f,-0.0851f,0.9964f,0.0005f,0.522f,-0.2072f,-0.0172f,-0.9781f,-0.0247f,0f,0f,0f,1f],start_interpolation: 0,interpolation_duration: 1}