# This file was generated by Animated Java via MC-Build. It is not recommended to edit this file directly.
$data merge entity $(bone_cape) {transformation: [-0.9661f,-0.1434f,0.2148f,-0.0459f,-0.1643f,0.9829f,-0.0828f,0.4103f,-0.1993f,-0.1153f,-0.9731f,0.0395f,0f,0f,0f,1f],start_interpolation: 0,interpolation_duration: 1}
$data merge entity $(bone_hat) {transformation: [-0.6347f,-0.065f,0.77f,0.1405f,-0.0348f,0.9979f,0.0555f,0.841f,-0.772f,0.0084f,-0.6356f,-0.0679f,0f,0f,0f,1f],start_interpolation: 0,interpolation_duration: 1}
$data merge entity $(bone_head_hat) {transformation: [-0.638f,-0.0094f,0.77f,0.0623f,0.0523f,0.9971f,0.0555f,0.522f,-0.7683f,0.0756f,-0.6356f,-0.0247f,0f,0f,0f,1f],start_interpolation: 0,interpolation_duration: 1}
$data merge entity $(bone_rightarm) {transformation: [-0.2927f,0.8879f,0.355f,-0.1736f,0.9306f,0.179f,0.3194f,0.5015f,0.22f,0.4238f,-0.8786f,0.0569f,0f,0f,0f,1f],start_interpolation: 0,interpolation_duration: 1}
$data merge entity $(bone_leftarm) {transformation: [-0.9886f,-0.1348f,0.0677f,0.2175f,-0.1367f,0.6113f,-0.7795f,0.4616f,0.0637f,-0.7798f,-0.6228f,-0.0891f,0f,0f,0f,1f],start_interpolation: 0,interpolation_duration: 1}
$data merge entity $(bone_staff) {transformation: [0.7058f,-0.1571f,-1.0159f,0.4891f,-0.0656f,1.2229f,-0.2347f,0.485f,1.0259f,0.1863f,0.6839f,0.0336f,0f,0f,0f,1f],start_interpolation: 0,interpolation_duration: 1}
$data merge entity $(bone_jacket) {transformation: [-0.9726f,-0.0851f,0.2164f,0f,-0.0872f,0.9962f,0f,0.522f,-0.2156f,-0.0189f,-0.9763f,-0.0247f,0f,0f,0f,1f],start_interpolation: 0,interpolation_duration: 1}
execute at @e[tag=root,limit=1] run particle minecraft:enchant ^-.5 ^.7 ^ 0.15 0.15 0.15 0.1 100 force