# This file was generated by Animated Java via MC-Build. It is not recommended to edit this file directly.
$data merge entity $(bone_cape) {transformation: [-0.9636f,-0.1475f,0.2228f,-0.0464f,-0.1699f,0.9818f,-0.0844f,0.4102f,-0.2063f,-0.1192f,-0.9712f,0.0396f,0f,0f,0f,1f],start_interpolation: 0,interpolation_duration: 1}
$data merge entity $(bone_hat) {transformation: [-0.6356f,-0.0673f,0.7691f,0.1387f,-0.0252f,0.9975f,0.0664f,0.8417f,-0.7716f,0.0228f,-0.6357f,-0.0634f,0f,0f,0f,1f],start_interpolation: 0,interpolation_duration: 1}
$data merge entity $(bone_head_hat) {transformation: [-0.639f,-0.0116f,0.7691f,0.0613f,0.0618f,0.9959f,0.0664f,0.522f,-0.7667f,0.09f,-0.6357f,-0.0247f,0f,0f,0f,1f],start_interpolation: 0,interpolation_duration: 1}
$data merge entity $(bone_rightarm) {transformation: [-0.3784f,0.857f,0.3498f,-0.1736f,0.9162f,0.293f,0.2733f,0.5015f,0.1317f,0.424f,-0.8961f,0.055f,0f,0f,0f,1f],start_interpolation: 0,interpolation_duration: 1}
$data merge entity $(bone_leftarm) {transformation: [-0.9874f,-0.1402f,0.0739f,0.2198f,-0.1437f,0.5948f,-0.7909f,0.4574f,0.0669f,-0.7915f,-0.6075f,-0.0897f,0f,0f,0f,1f],start_interpolation: 0,interpolation_duration: 1}
$data merge entity $(bone_staff) {transformation: [0.7068f,-0.1673f,-1.0135f,0.4913f,-0.0397f,1.2249f,-0.2298f,0.4855f,1.0265f,0.1625f,0.689f,0.0323f,0f,0f,0f,1f],start_interpolation: 0,interpolation_duration: 1}
$data merge entity $(bone_jacket) {transformation: [-0.9709f,-0.0854f,0.2236f,0f,-0.0879f,0.9961f,-0.0013f,0.522f,-0.2226f,-0.021f,-0.9747f,-0.0247f,0f,0f,0f,1f],start_interpolation: 0,interpolation_duration: 1}