# This file was generated by Animated Java via MC-Build. It is not recommended to edit this file directly.
$data merge entity $(bone_cape) {transformation: [-0.962f,-0.1502f,0.2279f,-0.0468f,-0.1734f,0.9811f,-0.0854f,0.4102f,-0.2108f,-0.1217f,-0.9699f,0.0396f,0f,0f,0f,1f],start_interpolation: 0,interpolation_duration: 1}
$data merge entity $(bone_hat) {transformation: [-0.6377f,-0.0696f,0.7671f,0.1367f,-0.0168f,0.9969f,0.0765f,0.8424f,-0.7701f,0.0359f,-0.6369f,-0.0595f,0f,0f,0f,1f],start_interpolation: 0,interpolation_duration: 1}
$data merge entity $(bone_head_hat) {transformation: [-0.6413f,-0.0138f,0.7671f,0.0603f,0.0702f,0.9946f,0.0765f,0.522f,-0.764f,0.1029f,-0.6369f,-0.0247f,0f,0f,0f,1f],start_interpolation: 0,interpolation_duration: 1}
$data merge entity $(bone_rightarm) {transformation: [-0.3813f,0.9173f,0.1147f,-0.1736f,0.9113f,0.3521f,0.2136f,0.5015f,0.1555f,0.186f,-0.9702f,0.0529f,0f,0f,0f,1f],start_interpolation: 0,interpolation_duration: 1}
$data merge entity $(bone_leftarm) {transformation: [-0.9863f,-0.1446f,0.0792f,0.2218f,-0.1494f,0.5811f,-0.8f,0.4538f,0.0696f,-0.8009f,-0.5947f,-0.0901f,0f,0f,0f,1f],start_interpolation: 0,interpolation_duration: 1}
$data merge entity $(bone_staff) {transformation: [0.7074f,-0.1757f,-1.0117f,0.4931f,-0.0183f,1.2262f,-0.2257f,0.4857f,1.0267f,0.1429f,0.693f,0.0313f,0f,0f,0f,1f],start_interpolation: 0,interpolation_duration: 1}
$data merge entity $(bone_jacket) {transformation: [-0.9696f,-0.0844f,0.2296f,0f,-0.0875f,0.9962f,-0.0035f,0.522f,-0.2285f,-0.0235f,-0.9733f,-0.0247f,0f,0f,0f,1f],start_interpolation: 0,interpolation_duration: 1}