# This file was generated by Animated Java via MC-Build. It is not recommended to edit this file directly.
$data merge entity $(bone_cape) {transformation: [-0.9615f,-0.1511f,0.2297f,-0.0469f,-0.1746f,0.9809f,-0.0858f,0.4101f,-0.2124f,-0.1226f,-0.9695f,0.0396f,0f,0f,0f,1f],start_interpolation: 0,interpolation_duration: 1}
$data merge entity $(bone_hat) {transformation: [-0.6402f,-0.0716f,0.7648f,0.1349f,-0.0101f,0.9963f,0.0848f,0.8429f,-0.7681f,0.0466f,-0.6386f,-0.0564f,0f,0f,0f,1f],start_interpolation: 0,interpolation_duration: 1}
$data merge entity $(bone_head_hat) {transformation: [-0.644f,-0.0155f,0.7648f,0.0592f,0.0768f,0.9934f,0.0848f,0.522f,-0.7611f,0.1134f,-0.6386f,-0.0247f,0f,0f,0f,1f],start_interpolation: 0,interpolation_duration: 1}
$data merge entity $(bone_rightarm) {transformation: [-0.3379f,0.9065f,-0.2532f,-0.1736f,0.9127f,0.3813f,0.1471f,0.5015f,0.2299f,-0.1813f,-0.9562f,0.0505f,0f,0f,0f,1f],start_interpolation: 0,interpolation_duration: 1}
$data merge entity $(bone_leftarm) {transformation: [-0.9855f,-0.1478f,0.0833f,0.2232f,-0.1537f,0.5706f,-0.8067f,0.451f,0.0717f,-0.8078f,-0.5851f,-0.0904f,0f,0f,0f,1f],start_interpolation: 0,interpolation_duration: 1}
$data merge entity $(bone_staff) {transformation: [0.7076f,-0.1821f,-1.0104f,0.4944f,-0.0022f,1.2269f,-0.2226f,0.4858f,1.0267f,0.1281f,0.6959f,0.0306f,0f,0f,0f,1f],start_interpolation: 0,interpolation_duration: 1}
$data merge entity $(bone_jacket) {transformation: [-0.9686f,-0.0822f,0.2346f,0f,-0.0861f,0.9963f,-0.0064f,0.522f,-0.2332f,-0.0264f,-0.9721f,-0.0247f,0f,0f,0f,1f],start_interpolation: 0,interpolation_duration: 1}