# This file was generated by Animated Java via MC-Build. It is not recommended to edit this file directly.
$data merge entity $(bone_cape) {transformation: [-0.9626f,-0.1494f,0.2261f,-0.0466f,-0.1723f,0.9814f,-0.0849f,0.4102f,-0.2092f,-0.1207f,-0.9704f,0.0396f,0f,0f,0f,1f],start_interpolation: 0,interpolation_duration: 1}
$data merge entity $(bone_hat) {transformation: [-0.6424f,-0.0729f,0.7629f,0.1332f,-0.0056f,0.9959f,0.0905f,0.8432f,-0.7664f,0.0538f,-0.6401f,-0.0543f,0f,0f,0f,1f],start_interpolation: 0,interpolation_duration: 1}
$data merge entity $(bone_head_hat) {transformation: [-0.6463f,-0.0167f,0.7629f,0.0581f,0.0812f,0.9926f,0.0905f,0.522f,-0.7588f,0.1204f,-0.6401f,-0.0247f,0f,0f,0f,1f],start_interpolation: 0,interpolation_duration: 1}
$data merge entity $(bone_rightarm) {transformation: [-0.2659f,0.8432f,-0.4673f,-0.1736f,0.9206f,0.3659f,0.1363f,0.5015f,0.2859f,-0.394f,-0.8735f,0.048f,0f,0f,0f,1f],start_interpolation: 0,interpolation_duration: 1}
$data merge entity $(bone_leftarm) {transformation: [-0.985f,-0.1497f,0.0859f,0.2242f,-0.1564f,0.564f,-0.8108f,0.4492f,0.0729f,-0.8121f,-0.5789f,-0.0906f,0f,0f,0f,1f],start_interpolation: 0,interpolation_duration: 1}
$data merge entity $(bone_staff) {transformation: [0.7077f,-0.1861f,-1.0096f,0.4952f,0.0079f,1.2272f,-0.2207f,0.4858f,1.0266f,0.1188f,0.6977f,0.0301f,0f,0f,0f,1f],start_interpolation: 0,interpolation_duration: 1}
$data merge entity $(bone_jacket) {transformation: [-0.9679f,-0.079f,0.2385f,0f,-0.0838f,0.9964f,-0.0099f,0.522f,-0.2369f,-0.0296f,-0.9711f,-0.0247f,0f,0f,0f,1f],start_interpolation: 0,interpolation_duration: 1}