# This file was generated by Animated Java via MC-Build. It is not recommended to edit this file directly.
$data merge entity $(bone_cape) {transformation: [-0.9998f,-0.0139f,0.0169f,-0.0325f,-0.014f,0.9999f,-0.0096f,0.4125f,-0.0167f,-0.0098f,-0.9998f,0.0379f,0f,0f,0f,1f],start_interpolation: 0,interpolation_duration: 1}
$data merge entity $(bone_hat) {transformation: [-0.963f,-0.2337f,0.134f,-0.0138f,-0.2336f,0.9722f,0.0166f,0.8343f,-0.1342f,-0.0154f,-0.9908f,-0.1302f,0f,0f,0f,1f],start_interpolation: 0,interpolation_duration: 1}
$data merge entity $(bone_head_hat) {transformation: [-0.9797f,-0.1489f,0.134f,0.0188f,-0.148f,0.9888f,0.0166f,0.522f,-0.135f,-0.0036f,-0.9908f,-0.0247f,0f,0f,0f,1f],start_interpolation: 0,interpolation_duration: 1}
$data merge entity $(bone_rightarm) {transformation: [-1f,0f,0f,-0.1736f,0f,0.9537f,-0.3007f,0.5015f,0f,-0.3007f,-0.9537f,-0.0383f,0f,0f,0f,1f],start_interpolation: 0,interpolation_duration: 1}
$data merge entity $(bone_leftarm) {transformation: [-0.9999f,-0.0119f,0.0014f,0.1774f,-0.0109f,0.8508f,-0.5253f,0.5013f,0.005f,-0.5253f,-0.8509f,-0.0653f,0f,0f,0f,1f],start_interpolation: 0,interpolation_duration: 1}
$data merge entity $(bone_staff) {transformation: [0.6338f,-0.0089f,-1.0738f,0.4426f,-0.5053f,1.0978f,-0.3074f,0.4439f,0.9476f,0.5913f,0.5543f,0.0602f,0f,0f,0f,1f],start_interpolation: 0,interpolation_duration: 1}
$data merge entity $(bone_jacket) {transformation: [-0.9998f,-0.0084f,0.0198f,0f,-0.0085f,1f,-0.0013f,0.522f,-0.0198f,-0.0015f,-0.9998f,-0.0247f,0f,0f,0f,1f],start_interpolation: 0,interpolation_duration: 1}