# This file was generated by Animated Java via MC-Build. It is not recommended to edit this file directly.
$data merge entity $(bone_cape) {transformation: [-0.9656f,-0.1447f,0.2159f,-0.0459f,-0.1657f,0.9827f,-0.0823f,0.4103f,-0.2003f,-0.1153f,-0.9729f,0.0395f,0f,0f,0f,1f],start_interpolation: 0,interpolation_duration: 1}
$data merge entity $(bone_hat) {transformation: [-0.6433f,-0.0734f,0.7621f,0.132f,-0.004f,0.9957f,0.0926f,0.8434f,-0.7656f,0.0565f,-0.6408f,-0.0536f,0f,0f,0f,1f],start_interpolation: 0,interpolation_duration: 1}
$data merge entity $(bone_head_hat) {transformation: [-0.6472f,-0.0171f,0.7621f,0.0572f,0.0828f,0.9923f,0.0926f,0.522f,-0.7578f,0.123f,-0.6408f,-0.0247f,0f,0f,0f,1f],start_interpolation: 0,interpolation_duration: 1}
$data merge entity $(bone_rightarm) {transformation: [-0.1416f,0.9036f,-0.4043f,-0.1736f,0.9462f,0.2436f,0.213f,0.5015f,0.2909f,-0.3524f,-0.8895f,0.0452f,0f,0f,0f,1f],start_interpolation: 0,interpolation_duration: 1}
$data merge entity $(bone_leftarm) {transformation: [-0.9848f,-0.1504f,0.0868f,0.2245f,-0.1574f,0.5617f,-0.8123f,0.4485f,0.0734f,-0.8136f,-0.5768f,-0.0906f,0f,0f,0f,1f],start_interpolation: 0,interpolation_duration: 1}
$data merge entity $(bone_staff) {transformation: [0.7078f,-0.1875f,-1.0093f,0.4955f,0.0114f,1.2273f,-0.22f,0.4858f,1.0265f,0.1156f,0.6983f,0.03f,0f,0f,0f,1f],start_interpolation: 0,interpolation_duration: 1}
$data merge entity $(bone_jacket) {transformation: [-0.9675f,-0.075f,0.2413f,0f,-0.0808f,0.9966f,-0.0139f,0.522f,-0.2395f,-0.0329f,-0.9703f,-0.0247f,0f,0f,0f,1f],start_interpolation: 0,interpolation_duration: 1}