# This file was generated by Animated Java via MC-Build. It is not recommended to edit this file directly.
$data merge entity $(bone_cape) {transformation: [-0.9701f,-0.1372f,0.2003f,-0.0448f,-0.1554f,0.9848f,-0.0782f,0.4105f,-0.1865f,-0.1069f,-0.9766f,0.0394f,0f,0f,0f,1f],start_interpolation: 0,interpolation_duration: 1}
$data merge entity $(bone_hat) {transformation: [-0.6427f,-0.0733f,0.7626f,0.1312f,-0.0051f,0.9958f,0.0914f,0.8433f,-0.7661f,0.0548f,-0.6404f,-0.054f,0f,0f,0f,1f],start_interpolation: 0,interpolation_duration: 1}
$data merge entity $(bone_head_hat) {transformation: [-0.6467f,-0.017f,0.7626f,0.0563f,0.0817f,0.9925f,0.0914f,0.522f,-0.7584f,0.1214f,-0.6404f,-0.0247f,0f,0f,0f,1f],start_interpolation: 0,interpolation_duration: 1}
$data merge entity $(bone_rightarm) {transformation: [0.0151f,0.9827f,-0.1847f,-0.1736f,0.9602f,0.0373f,0.2768f,0.5015f,0.2789f,-0.1815f,-0.943f,0.0422f,0f,0f,0f,1f],start_interpolation: 0,interpolation_duration: 1}
$data merge entity $(bone_leftarm) {transformation: [-0.985f,-0.1498f,0.0861f,0.2242f,-0.1566f,0.5636f,-0.8111f,0.449f,0.073f,-0.8124f,-0.5786f,-0.0906f,0f,0f,0f,1f],start_interpolation: 0,interpolation_duration: 1}
$data merge entity $(bone_staff) {transformation: [0.7077f,-0.1863f,-1.0096f,0.4953f,0.0085f,1.2272f,-0.2206f,0.4858f,1.0266f,0.1183f,0.6978f,0.0301f,0f,0f,0f,1f],start_interpolation: 0,interpolation_duration: 1}
$data merge entity $(bone_jacket) {transformation: [-0.9675f,-0.0705f,0.243f,0f,-0.0772f,0.9969f,-0.0181f,0.522f,-0.241f,-0.0363f,-0.9699f,-0.0247f,0f,0f,0f,1f],start_interpolation: 0,interpolation_duration: 1}