# This file was generated by Animated Java via MC-Build. It is not recommended to edit this file directly.
$data merge entity $(bone_cape) {transformation: [-0.9754f,-0.1271f,0.1804f,-0.0434f,-0.142f,0.9872f,-0.0724f,0.4107f,-0.1689f,-0.0963f,-0.9809f,0.0392f,0f,0f,0f,1f],start_interpolation: 0,interpolation_duration: 1}
$data merge entity $(bone_hat) {transformation: [-0.6413f,-0.073f,0.7638f,0.1306f,-0.0083f,0.9961f,0.0882f,0.8431f,-0.7673f,0.0502f,-0.6393f,-0.0553f,0f,0f,0f,1f],start_interpolation: 0,interpolation_duration: 1}
$data merge entity $(bone_head_hat) {transformation: [-0.6452f,-0.0168f,0.7638f,0.0555f,0.0785f,0.993f,0.0882f,0.522f,-0.76f,0.1169f,-0.6393f,-0.0247f,0f,0f,0f,1f],start_interpolation: 0,interpolation_duration: 1}
$data merge entity $(bone_rightarm) {transformation: [0.109f,0.994f,0.0084f,-0.1736f,0.9528f,-0.1069f,0.2842f,0.5015f,0.2834f,-0.023f,-0.9587f,0.0391f,0f,0f,0f,1f],start_interpolation: 0,interpolation_duration: 1}
$data merge entity $(bone_leftarm) {transformation: [-0.9854f,-0.1482f,0.0839f,0.2235f,-0.1543f,0.5691f,-0.8076f,0.4506f,0.072f,-0.8088f,-0.5837f,-0.0904f,0f,0f,0f,1f],start_interpolation: 0,interpolation_duration: 1}
$data merge entity $(bone_staff) {transformation: [0.7077f,-0.183f,-1.0102f,0.4946f,0.0001f,1.227f,-0.2222f,0.4858f,1.0267f,0.126f,0.6964f,0.0305f,0f,0f,0f,1f],start_interpolation: 0,interpolation_duration: 1}
$data merge entity $(bone_jacket) {transformation: [-0.9677f,-0.0654f,0.2436f,0f,-0.0731f,0.9971f,-0.0225f,0.522f,-0.2414f,-0.0396f,-0.9696f,-0.0247f,0f,0f,0f,1f],start_interpolation: 0,interpolation_duration: 1}