# This file was generated by Animated Java via MC-Build. It is not recommended to edit this file directly.
$data merge entity $(bone_cape) {transformation: [-0.9809f,-0.1145f,0.1573f,-0.0418f,-0.126f,0.9899f,-0.0652f,0.411f,-0.1482f,-0.0838f,-0.9854f,0.039f,0f,0f,0f,1f],start_interpolation: 0,interpolation_duration: 1}
$data merge entity $(bone_hat) {transformation: [-0.6393f,-0.0725f,0.7655f,0.1303f,-0.0132f,0.9964f,0.0833f,0.8429f,-0.7688f,0.0431f,-0.638f,-0.0574f,0f,0f,0f,1f],start_interpolation: 0,interpolation_duration: 1}
$data merge entity $(bone_head_hat) {transformation: [-0.6432f,-0.0165f,0.7655f,0.0549f,0.0737f,0.9938f,0.0833f,0.522f,-0.7621f,0.11f,-0.638f,-0.0247f,0f,0f,0f,1f],start_interpolation: 0,interpolation_duration: 1}
$data merge entity $(bone_rightarm) {transformation: [0.0896f,0.9918f,0.091f,-0.1736f,0.9372f,-0.1149f,0.3293f,0.5015f,0.3371f,0.0558f,-0.9398f,0.0358f,0f,0f,0f,1f],start_interpolation: 0,interpolation_duration: 1}
$data merge entity $(bone_leftarm) {transformation: [-0.9861f,-0.1456f,0.0805f,0.2222f,-0.1507f,0.5779f,-0.8021f,0.4529f,0.0703f,-0.803f,-0.5918f,-0.0902f,0f,0f,0f,1f],start_interpolation: 0,interpolation_duration: 1}
$data merge entity $(bone_staff) {transformation: [0.7075f,-0.1776f,-1.0113f,0.4935f,-0.0134f,1.2264f,-0.2248f,0.4857f,1.0267f,0.1384f,0.6939f,0.0311f,0f,0f,0f,1f],start_interpolation: 0,interpolation_duration: 1}
$data merge entity $(bone_jacket) {transformation: [-0.9682f,-0.0601f,0.243f,0f,-0.0687f,0.9973f,-0.0269f,0.522f,-0.2407f,-0.0427f,-0.9697f,-0.0247f,0f,0f,0f,1f],start_interpolation: 0,interpolation_duration: 1}