# This file was generated by Animated Java via MC-Build. It is not recommended to edit this file directly.
$data merge entity $(bone_cape) {transformation: [-0.9862f,-0.0999f,0.1321f,-0.04f,-0.1082f,0.9925f,-0.0566f,0.4112f,-0.1255f,-0.0701f,-0.9896f,0.0388f,0f,0f,0f,1f],start_interpolation: 0,interpolation_duration: 1}
$data merge entity $(bone_hat) {transformation: [-0.6373f,-0.0718f,0.7673f,0.1303f,-0.0195f,0.9968f,0.0771f,0.8425f,-0.7704f,0.0342f,-0.6367f,-0.06f,0f,0f,0f,1f],start_interpolation: 0,interpolation_duration: 1}
$data merge entity $(bone_head_hat) {transformation: [-0.6411f,-0.016f,0.7673f,0.0545f,0.0674f,0.9947f,0.0771f,0.522f,-0.7645f,0.1012f,-0.6367f,-0.0247f,0f,0f,0f,1f],start_interpolation: 0,interpolation_duration: 1}
$data merge entity $(bone_rightarm) {transformation: [0.0097f,0.992f,0.1257f,-0.1736f,0.914f,-0.0597f,0.4013f,0.5015f,0.4056f,0.111f,-0.9073f,0.0324f,0f,0f,0f,1f],start_interpolation: 0,interpolation_duration: 1}
$data merge entity $(bone_leftarm) {transformation: [-0.987f,-0.1419f,0.076f,0.2206f,-0.1459f,0.5895f,-0.7945f,0.456f,0.068f,-0.7952f,-0.6025f,-0.0899f,0f,0f,0f,1f],start_interpolation: 0,interpolation_duration: 1}
$data merge entity $(bone_staff) {transformation: [0.7071f,-0.1705f,-1.0128f,0.492f,-0.0313f,1.2255f,-0.2282f,0.4856f,1.0266f,0.1549f,0.6906f,0.0319f,0f,0f,0f,1f],start_interpolation: 0,interpolation_duration: 1}
$data merge entity $(bone_jacket) {transformation: [-0.9689f,-0.0548f,0.2413f,0f,-0.0641f,0.9975f,-0.0311f,0.522f,-0.239f,-0.0456f,-0.97f,-0.0247f,0f,0f,0f,1f],start_interpolation: 0,interpolation_duration: 1}