# This file was generated by Animated Java via MC-Build. It is not recommended to edit this file directly.
$data merge entity $(bone_cape) {transformation: [-0.9908f,-0.0836f,0.1061f,-0.0382f,-0.089f,0.9949f,-0.0469f,0.4115f,-0.1017f,-0.0559f,-0.9932f,0.0386f,0f,0f,0f,1f],start_interpolation: 0,interpolation_duration: 1}
$data merge entity $(bone_hat) {transformation: [-0.6356f,-0.071f,0.7687f,0.1305f,-0.0268f,0.9972f,0.0699f,0.8421f,-0.7716f,0.0238f,-0.6357f,-0.0631f,0f,0f,0f,1f],start_interpolation: 0,interpolation_duration: 1}
$data merge entity $(bone_head_hat) {transformation: [-0.6394f,-0.0153f,0.7687f,0.0544f,0.0602f,0.9957f,0.0699f,0.522f,-0.7665f,0.091f,-0.6357f,-0.0247f,0f,0f,0f,1f],start_interpolation: 0,interpolation_duration: 1}
$data merge entity $(bone_rightarm) {transformation: [-0.0776f,0.9855f,0.1509f,-0.1736f,0.9013f,0.0047f,0.4331f,0.5015f,0.4261f,0.1697f,-0.8886f,0.0289f,0f,0f,0f,1f],start_interpolation: 0,interpolation_duration: 1}
$data merge entity $(bone_leftarm) {transformation: [-0.988f,-0.1374f,0.0706f,0.2186f,-0.14f,0.6035f,-0.785f,0.4596f,0.0652f,-0.7854f,-0.6155f,-0.0894f,0f,0f,0f,1f],start_interpolation: 0,interpolation_duration: 1}
$data merge entity $(bone_staff) {transformation: [0.7063f,-0.1619f,-1.0148f,0.4902f,-0.0533f,1.2239f,-0.2324f,0.4853f,1.0262f,0.175f,0.6864f,0.033f,0f,0f,0f,1f],start_interpolation: 0,interpolation_duration: 1}
$data merge entity $(bone_jacket) {transformation: [-0.9699f,-0.0495f,0.2385f,0f,-0.0595f,0.9976f,-0.0349f,0.522f,-0.2362f,-0.0481f,-0.9705f,-0.0247f,0f,0f,0f,1f],start_interpolation: 0,interpolation_duration: 1}