# This file was generated by Animated Java via MC-Build. It is not recommended to edit this file directly.
$data merge entity $(bone_cape) {transformation: [-0.9946f,-0.0662f,0.0804f,-0.0365f,-0.0693f,0.9969f,-0.0364f,0.4118f,-0.0777f,-0.0418f,-0.9961f,0.0384f,0f,0f,0f,1f],start_interpolation: 0,interpolation_duration: 1}
$data merge entity $(bone_hat) {transformation: [-0.6346f,-0.0702f,0.7696f,0.1312f,-0.0349f,0.9975f,0.0622f,0.8415f,-0.772f,0.0126f,-0.6355f,-0.0666f,0f,0f,0f,1f],start_interpolation: 0,interpolation_duration: 1}
$data merge entity $(bone_head_hat) {transformation: [-0.6383f,-0.0146f,0.7696f,0.0548f,0.0522f,0.9967f,0.0622f,0.522f,-0.768f,0.0798f,-0.6355f,-0.0247f,0f,0f,0f,1f],start_interpolation: 0,interpolation_duration: 1}
$data merge entity $(bone_rightarm) {transformation: [-0.1821f,0.9544f,0.2365f,-0.1736f,0.92f,0.0805f,0.3835f,0.5015f,0.347f,0.2874f,-0.8927f,0.0252f,0f,0f,0f,1f],start_interpolation: 0,interpolation_duration: 1}
$data merge entity $(bone_leftarm) {transformation: [-0.9892f,-0.1319f,0.0646f,0.2164f,-0.1332f,0.6196f,-0.7736f,0.4637f,0.062f,-0.7738f,-0.6304f,-0.0887f,0f,0f,0f,1f],start_interpolation: 0,interpolation_duration: 1}
$data merge entity $(bone_staff) {transformation: [0.7052f,-0.152f,-1.0171f,0.488f,-0.0787f,1.2216f,-0.2372f,0.4847f,1.0254f,0.1983f,0.6813f,0.0343f,0f,0f,0f,1f],start_interpolation: 0,interpolation_duration: 1}
$data merge entity $(bone_jacket) {transformation: [-0.9711f,-0.0446f,0.2346f,0f,-0.0551f,0.9978f,-0.0382f,0.522f,-0.2323f,-0.05f,-0.9713f,-0.0247f,0f,0f,0f,1f],start_interpolation: 0,interpolation_duration: 1}