# This file was generated by Animated Java via MC-Build. It is not recommended to edit this file directly.
$data merge entity $(bone_cape) {transformation: [-0.9973f,-0.0483f,0.0559f,-0.0348f,-0.0498f,0.9984f,-0.0257f,0.4121f,-0.0546f,-0.0284f,-0.9981f,0.0382f,0f,0f,0f,1f],start_interpolation: 0,interpolation_duration: 1}
$data merge entity $(bone_hat) {transformation: [-0.6348f,-0.0694f,0.7696f,0.1325f,-0.0434f,0.9976f,0.0541f,0.841f,-0.7715f,0.0009f,-0.6363f,-0.0703f,0f,0f,0f,1f],start_interpolation: 0,interpolation_duration: 1}
$data merge entity $(bone_head_hat) {transformation: [-0.6384f,-0.0138f,0.7696f,0.0558f,0.0437f,0.9976f,0.0541f,0.522f,-0.7684f,0.0681f,-0.6363f,-0.0247f,0f,0f,0f,1f],start_interpolation: 0,interpolation_duration: 1}
$data merge entity $(bone_rightarm) {transformation: [-0.3041f,0.8888f,0.343f,-0.1736f,0.9279f,0.1948f,0.3178f,0.5015f,0.2157f,0.4149f,-0.8839f,0.0215f,0f,0f,0f,1f],start_interpolation: 0,interpolation_duration: 1}
$data merge entity $(bone_leftarm) {transformation: [-0.9904f,-0.1255f,0.0582f,0.2139f,-0.1255f,0.6372f,-0.7604f,0.468f,0.0584f,-0.7604f,-0.6468f,-0.0879f,0f,0f,0f,1f],start_interpolation: 0,interpolation_duration: 1}
$data merge entity $(bone_staff) {transformation: [0.7034f,-0.1411f,-1.0198f,0.4856f,-0.1071f,1.2184f,-0.2425f,0.4839f,1.024f,0.2244f,0.6752f,0.0357f,0f,0f,0f,1f],start_interpolation: 0,interpolation_duration: 1}
$data merge entity $(bone_jacket) {transformation: [-0.9725f,-0.0401f,0.2295f,0f,-0.0508f,0.9979f,-0.0409f,0.522f,-0.2274f,-0.0514f,-0.9724f,-0.0247f,0f,0f,0f,1f],start_interpolation: 0,interpolation_duration: 1}