# This file was generated by Animated Java via MC-Build. It is not recommended to edit this file directly.
$data merge entity $(bone_cape) {transformation: [-0.999f,-0.0307f,0.0338f,-0.0333f,-0.0313f,0.9994f,-0.0155f,0.4123f,-0.0333f,-0.0166f,-0.9993f,0.038f,0f,0f,0f,1f],start_interpolation: 0,interpolation_duration: 1}
$data merge entity $(bone_hat) {transformation: [-0.6366f,-0.0688f,0.7682f,0.1341f,-0.0522f,0.9976f,0.046f,0.8404f,-0.7695f,-0.0108f,-0.6386f,-0.0743f,0f,0f,0f,1f],start_interpolation: 0,interpolation_duration: 1}
$data merge entity $(bone_head_hat) {transformation: [-0.6401f,-0.013f,0.7682f,0.0573f,0.0349f,0.9983f,0.046f,0.522f,-0.7675f,0.0563f,-0.6386f,-0.0247f,0f,0f,0f,1f],start_interpolation: 0,interpolation_duration: 1}
$data merge entity $(bone_rightarm) {transformation: [-0.3784f,0.857f,0.3498f,-0.1736f,0.9162f,0.293f,0.2733f,0.5015f,0.1317f,0.424f,-0.8961f,0.0177f,0f,0f,0f,1f],start_interpolation: 0,interpolation_duration: 1}
$data merge entity $(bone_leftarm) {transformation: [-0.9916f,-0.1184f,0.0516f,0.2112f,-0.1171f,0.656f,-0.7456f,0.4723f,0.0544f,-0.7454f,-0.6644f,-0.0868f,0f,0f,0f,1f],start_interpolation: 0,interpolation_duration: 1}
$data merge entity $(bone_staff) {transformation: [0.7011f,-0.1295f,-1.023f,0.4829f,-0.1379f,1.2142f,-0.2482f,0.4827f,1.0219f,0.2527f,0.6684f,0.0374f,0f,0f,0f,1f],start_interpolation: 0,interpolation_duration: 1}
$data merge entity $(bone_jacket) {transformation: [-0.974f,-0.0362f,0.2234f,0f,-0.0469f,0.998f,-0.0427f,0.522f,-0.2214f,-0.0521f,-0.9738f,-0.0247f,0f,0f,0f,1f],start_interpolation: 0,interpolation_duration: 1}