# This file was generated by Animated Java via MC-Build. It is not recommended to edit this file directly.
$data merge entity $(bone_cape) {transformation: [-0.9998f,-0.0143f,0.0149f,-0.0321f,-0.0144f,0.9999f,-0.0067f,0.4125f,-0.0148f,-0.0069f,-0.9999f,0.0379f,0f,0f,0f,1f],start_interpolation: 0,interpolation_duration: 1}
$data merge entity $(bone_hat) {transformation: [-0.6403f,-0.0685f,0.765f,0.1357f,-0.061f,0.9974f,0.0382f,0.8397f,-0.7657f,-0.0222f,-0.6428f,-0.0784f,0f,0f,0f,1f],start_interpolation: 0,interpolation_duration: 1}
$data merge entity $(bone_head_hat) {transformation: [-0.6439f,-0.0124f,0.765f,0.0591f,0.0261f,0.9989f,0.0382f,0.522f,-0.7647f,0.0446f,-0.6428f,-0.0247f,0f,0f,0f,1f],start_interpolation: 0,interpolation_duration: 1}
$data merge entity $(bone_rightarm) {transformation: [-0.3813f,0.9173f,0.1147f,-0.1736f,0.9113f,0.3521f,0.2136f,0.5015f,0.1555f,0.186f,-0.9702f,0.0138f,0f,0f,0f,1f],start_interpolation: 0,interpolation_duration: 1}
$data merge entity $(bone_leftarm) {transformation: [-0.9929f,-0.1104f,0.0449f,0.2084f,-0.1081f,0.6756f,-0.7293f,0.4767f,0.0502f,-0.729f,-0.6827f,-0.0856f,0f,0f,0f,1f],start_interpolation: 0,interpolation_duration: 1}
$data merge entity $(bone_staff) {transformation: [0.6981f,-0.1173f,-1.0265f,0.48f,-0.1706f,1.2088f,-0.2541f,0.4812f,1.019f,0.2827f,0.6607f,0.0392f,0f,0f,0f,1f],start_interpolation: 0,interpolation_duration: 1}
$data merge entity $(bone_jacket) {transformation: [-0.9758f,-0.0332f,0.2162f,0f,-0.0436f,0.9981f,-0.0436f,0.522f,-0.2144f,-0.052f,-0.9754f,-0.0247f,0f,0f,0f,1f],start_interpolation: 0,interpolation_duration: 1}