# This file was generated by Animated Java via MC-Build. It is not recommended to edit this file directly.
$data merge entity $(bone_cape) {transformation: [-0.9993f,-0.0232f,0.0286f,-0.0333f,-0.0237f,0.9996f,-0.0159f,0.4123f,-0.0282f,-0.0166f,-0.9995f,0.038f,0f,0f,0f,1f],start_interpolation: 0,interpolation_duration: 1}
$data merge entity $(bone_hat) {transformation: [-0.9499f,-0.215f,0.2268f,0.0144f,-0.2154f,0.9763f,0.0233f,0.8358f,-0.2265f,-0.0267f,-0.9737f,-0.1294f,0f,0f,0f,1f],start_interpolation: 0,interpolation_duration: 1}
$data merge entity $(bone_head_hat) {transformation: [-0.965f,-0.1314f,0.2268f,0.0318f,-0.1295f,0.9913f,0.0233f,0.522f,-0.2279f,-0.0068f,-0.9737f,-0.0247f,0f,0f,0f,1f],start_interpolation: 0,interpolation_duration: 1}
$data merge entity $(bone_rightarm) {transformation: [-0.9935f,0.1043f,-0.0459f,-0.1736f,0.1133f,0.9469f,-0.301f,0.5015f,0.0121f,-0.3043f,-0.9525f,-0.0208f,0f,0f,0f,1f],start_interpolation: 0,interpolation_duration: 1}
$data merge entity $(bone_leftarm) {transformation: [-0.9998f,-0.0199f,0.0028f,0.1799f,-0.0182f,0.84f,-0.5423f,0.5009f,0.0084f,-0.5422f,-0.8402f,-0.0671f,0f,0f,0f,1f],start_interpolation: 0,interpolation_duration: 1}
$data merge entity $(bone_staff) {transformation: [0.6404f,-0.0154f,-1.0698f,0.4459f,-0.4814f,1.1093f,-0.3042f,0.448f,0.9555f,0.5693f,0.5638f,0.0586f,0f,0f,0f,1f],start_interpolation: 0,interpolation_duration: 1}
$data merge entity $(bone_jacket) {transformation: [-0.9994f,-0.0142f,0.0331f,0f,-0.0143f,0.9999f,-0.0019f,0.522f,-0.033f,-0.0024f,-0.9995f,-0.0247f,0f,0f,0f,1f],start_interpolation: 0,interpolation_duration: 1}