# This file was generated by Animated Java via MC-Build. It is not recommended to edit this file directly.
$data merge entity $(bone_cape) {transformation: [-1f,0f,0f,-0.0313f,0f,1f,0f,0.4126f,0f,0f,-1f,0.0378f,0f,0f,0f,1f],start_interpolation: 0,interpolation_duration: 1}
$data merge entity $(bone_hat) {transformation: [-0.6465f,-0.0688f,0.7598f,0.1371f,-0.0697f,0.9971f,0.031f,0.8391f,-0.7597f,-0.0329f,-0.6494f,-0.0826f,0f,0f,0f,1f],start_interpolation: 0,interpolation_duration: 1}
$data merge entity $(bone_head_hat) {transformation: [-0.65f,-0.0122f,0.7598f,0.0609f,0.0175f,0.9994f,0.031f,0.522f,-0.7597f,0.0334f,-0.6494f,-0.0247f,0f,0f,0f,1f],start_interpolation: 0,interpolation_duration: 1}
$data merge entity $(bone_rightarm) {transformation: [-0.3379f,0.9065f,-0.2532f,-0.1736f,0.9127f,0.3813f,0.1471f,0.5015f,0.2299f,-0.1813f,-0.9562f,0.0098f,0f,0f,0f,1f],start_interpolation: 0,interpolation_duration: 1}
$data merge entity $(bone_leftarm) {transformation: [-0.9941f,-0.1018f,0.0383f,0.2054f,-0.0987f,0.6955f,-0.7117f,0.4809f,0.0458f,-0.7113f,-0.7014f,-0.0841f,0f,0f,0f,1f],start_interpolation: 0,interpolation_duration: 1}
$data merge entity $(bone_staff) {transformation: [0.6943f,-0.1049f,-1.0304f,0.4768f,-0.2046f,1.2022f,-0.2602f,0.4792f,1.0153f,0.314f,0.6522f,0.0411f,0f,0f,0f,1f],start_interpolation: 0,interpolation_duration: 1}
$data merge entity $(bone_jacket) {transformation: [-0.9781f,-0.0304f,0.2061f,0f,-0.0402f,0.9982f,-0.0434f,0.522f,-0.2044f,-0.0507f,-0.9776f,-0.0247f,0f,0f,0f,1f],start_interpolation: 0,interpolation_duration: 1}