# This file was generated by Animated Java via MC-Build. It is not recommended to edit this file directly.
$data merge entity $(bone_cape) {transformation: [-0.9999f,0.0124f,-0.0113f,-0.0313f,0.0124f,0.9999f,0.0043f,0.4126f,0.0113f,0.0041f,-0.9999f,0.0378f,0f,0f,0f,1f],start_interpolation: 0,interpolation_duration: 1}
$data merge entity $(bone_hat) {transformation: [-0.6555f,-0.0699f,0.7519f,0.1379f,-0.0781f,0.9966f,0.0245f,0.8385f,-0.7511f,-0.0426f,-0.6588f,-0.0869f,0f,0f,0f,1f],start_interpolation: 0,interpolation_duration: 1}
$data merge entity $(bone_head_hat) {transformation: [-0.6591f,-0.0125f,0.7519f,0.0627f,0.0091f,0.9997f,0.0245f,0.522f,-0.752f,0.023f,-0.6588f,-0.0247f,0f,0f,0f,1f],start_interpolation: 0,interpolation_duration: 1}
$data merge entity $(bone_rightarm) {transformation: [-0.2659f,0.8432f,-0.4673f,-0.1736f,0.9206f,0.3659f,0.1363f,0.5015f,0.2859f,-0.394f,-0.8735f,0.0058f,0f,0f,0f,1f],start_interpolation: 0,interpolation_duration: 1}
$data merge entity $(bone_leftarm) {transformation: [-0.9952f,-0.0927f,0.032f,0.2024f,-0.0889f,0.7154f,-0.693f,0.4848f,0.0413f,-0.6925f,-0.7202f,-0.0825f,0f,0f,0f,1f],start_interpolation: 0,interpolation_duration: 1}
$data merge entity $(bone_staff) {transformation: [0.6898f,-0.0924f,-1.0346f,0.4735f,-0.2395f,1.1944f,-0.2663f,0.4767f,1.0107f,0.346f,0.643f,0.0432f,0f,0f,0f,1f],start_interpolation: 0,interpolation_duration: 1}
$data merge entity $(bone_jacket) {transformation: [-0.9808f,-0.0278f,0.1928f,0f,-0.0366f,0.9984f,-0.0421f,0.522f,-0.1913f,-0.0484f,-0.9803f,-0.0247f,0f,0f,0f,1f],start_interpolation: 0,interpolation_duration: 1}