# This file was generated by Animated Java via MC-Build. It is not recommended to edit this file directly.
$data merge entity $(bone_cape) {transformation: [-0.9994f,0.0256f,-0.022f,-0.0313f,0.0254f,0.9996f,0.0075f,0.4126f,0.0222f,0.0069f,-0.9997f,0.0378f,0f,0f,0f,1f],start_interpolation: 0,interpolation_duration: 1}
$data merge entity $(bone_hat) {transformation: [-0.6677f,-0.0718f,0.7409f,0.1379f,-0.0859f,0.9961f,0.0191f,0.838f,-0.7394f,-0.0509f,-0.6713f,-0.0911f,0f,0f,0f,1f],start_interpolation: 0,interpolation_duration: 1}
$data merge entity $(bone_head_hat) {transformation: [-0.6714f,-0.0133f,0.7409f,0.0641f,0.0012f,0.9998f,0.0191f,0.522f,-0.7411f,0.0137f,-0.6713f,-0.0247f,0f,0f,0f,1f],start_interpolation: 0,interpolation_duration: 1}
$data merge entity $(bone_rightarm) {transformation: [-0.1304f,0.9019f,-0.4117f,-0.1736f,0.9444f,0.2394f,0.2253f,0.5015f,0.3018f,-0.3595f,-0.883f,0.0018f,0f,0f,0f,1f],start_interpolation: 0,interpolation_duration: 1}
$data merge entity $(bone_leftarm) {transformation: [-0.9962f,-0.0831f,0.0262f,0.1994f,-0.079f,0.7351f,-0.6734f,0.4883f,0.0367f,-0.6729f,-0.7389f,-0.0807f,0f,0f,0f,1f],start_interpolation: 0,interpolation_duration: 1}
$data merge entity $(bone_staff) {transformation: [0.6847f,-0.0801f,-1.0391f,0.4701f,-0.2746f,1.1854f,-0.2723f,0.4739f,1.0053f,0.3784f,0.6333f,0.0453f,0f,0f,0f,1f],start_interpolation: 0,interpolation_duration: 1}
$data merge entity $(bone_jacket) {transformation: [-0.9839f,-0.0253f,0.1768f,0f,-0.0329f,0.9987f,-0.0399f,0.522f,-0.1755f,-0.0451f,-0.9834f,-0.0247f,0f,0f,0f,1f],start_interpolation: 0,interpolation_duration: 1}