# This file was generated by Animated Java via MC-Build. It is not recommended to edit this file directly.
$data merge entity $(bone_cape) {transformation: [-0.9987f,0.0392f,-0.032f,-0.0313f,0.0389f,0.9992f,0.0098f,0.4126f,0.0324f,0.0086f,-0.9994f,0.0378f,0f,0f,0f,1f],start_interpolation: 0,interpolation_duration: 1}
$data merge entity $(bone_hat) {transformation: [-0.6834f,-0.0748f,0.7262f,0.1367f,-0.0931f,0.9955f,0.015f,0.8376f,-0.7241f,-0.0574f,-0.6873f,-0.0952f,0f,0f,0f,1f],start_interpolation: 0,interpolation_duration: 1}
$data merge entity $(bone_head_hat) {transformation: [-0.6873f,-0.015f,0.7262f,0.0649f,-0.006f,0.9999f,0.015f,0.522f,-0.7263f,0.0059f,-0.6873f,-0.0247f,0f,0f,0f,1f],start_interpolation: 0,interpolation_duration: 1}
$data merge entity $(bone_rightarm) {transformation: [0.0366f,0.9799f,-0.196f,-0.1736f,0.953f,0.0248f,0.3019f,0.5015f,0.3007f,-0.1978f,-0.933f,-0.0022f,0f,0f,0f,1f],start_interpolation: 0,interpolation_duration: 1}
$data merge entity $(bone_leftarm) {transformation: [-0.9971f,-0.0732f,0.0209f,0.1963f,-0.0691f,0.7541f,-0.6531f,0.4915f,0.0321f,-0.6527f,-0.757f,-0.0787f,0f,0f,0f,1f],start_interpolation: 0,interpolation_duration: 1}
$data merge entity $(bone_staff) {transformation: [0.6789f,-0.0682f,-1.0437f,0.4665f,-0.3095f,1.1754f,-0.2782f,0.4706f,0.9991f,0.4105f,0.623f,0.0475f,0f,0f,0f,1f],start_interpolation: 0,interpolation_duration: 1}
$data merge entity $(bone_jacket) {transformation: [-0.9871f,-0.0229f,0.1587f,0f,-0.0291f,0.9989f,-0.0369f,0.522f,-0.1577f,-0.041f,-0.9866f,-0.0247f,0f,0f,0f,1f],start_interpolation: 0,interpolation_duration: 1}