# This file was generated by Animated Java via MC-Build. It is not recommended to edit this file directly.
$data merge entity $(bone_cape) {transformation: [-0.9977f,0.0528f,-0.0414f,-0.0313f,0.0524f,0.9986f,0.0115f,0.4126f,0.0419f,0.0093f,-0.9991f,0.0378f,0f,0f,0f,1f],start_interpolation: 0,interpolation_duration: 1}
$data merge entity $(bone_hat) {transformation: [-0.7028f,-0.079f,0.707f,0.1341f,-0.0994f,0.995f,0.0123f,0.8373f,-0.7044f,-0.0616f,-0.7071f,-0.0992f,0f,0f,0f,1f],start_interpolation: 0,interpolation_duration: 1}
$data merge entity $(bone_head_hat) {transformation: [-0.707f,-0.0175f,0.707f,0.0651f,-0.0123f,0.9998f,0.0123f,0.522f,-0.7071f,0f,-0.7071f,-0.0247f,0f,0f,0f,1f],start_interpolation: 0,interpolation_duration: 1}
$data merge entity $(bone_rightarm) {transformation: [0.109f,0.994f,0.0084f,-0.1736f,0.9528f,-0.1069f,0.2842f,0.5015f,0.2834f,-0.023f,-0.9587f,-0.0063f,0f,0f,0f,1f],start_interpolation: 0,interpolation_duration: 1}
$data merge entity $(bone_leftarm) {transformation: [-0.9979f,-0.0632f,0.0162f,0.1932f,-0.0592f,0.7722f,-0.6326f,0.4942f,0.0275f,-0.6322f,-0.7743f,-0.0767f,0f,0f,0f,1f],start_interpolation: 0,interpolation_duration: 1}
$data merge entity $(bone_staff) {transformation: [0.6725f,-0.057f,-1.0485f,0.4628f,-0.3437f,1.1646f,-0.2837f,0.467f,0.9922f,0.442f,0.6124f,0.0497f,0f,0f,0f,1f],start_interpolation: 0,interpolation_duration: 1}
$data merge entity $(bone_jacket) {transformation: [-0.9901f,-0.0203f,0.1391f,0f,-0.0252f,0.9991f,-0.0332f,0.522f,-0.1383f,-0.0363f,-0.9897f,-0.0247f,0f,0f,0f,1f],start_interpolation: 0,interpolation_duration: 1}