# This file was generated by Animated Java via MC-Build. It is not recommended to edit this file directly.
$data merge entity $(bone_cape) {transformation: [-0.9966f,0.0662f,-0.05f,-0.0313f,0.0657f,0.9978f,0.0125f,0.4126f,0.0507f,0.0091f,-0.9987f,0.0378f,0f,0f,0f,1f],start_interpolation: 0,interpolation_duration: 1}
$data merge entity $(bone_hat) {transformation: [-0.7569f,-0.0922f,0.647f,0.1243f,-0.1117f,0.9937f,0.011f,0.8371f,-0.6439f,-0.0639f,-0.7624f,-0.1074f,0f,0f,0f,1f],start_interpolation: 0,interpolation_duration: 1}
$data merge entity $(bone_head_hat) {transformation: [-0.7621f,-0.0259f,0.647f,0.0644f,-0.0247f,0.9996f,0.011f,0.522f,-0.647f,-0.0076f,-0.7624f,-0.0247f,0f,0f,0f,1f],start_interpolation: 0,interpolation_duration: 1}
$data merge entity $(bone_rightarm) {transformation: [-0.0185f,0.9784f,0.206f,-0.1736f,0.9773f,-0.0258f,0.2102f,0.5015f,0.211f,0.2053f,-0.9557f,-0.0103f,0f,0f,0f,1f],start_interpolation: 0,interpolation_duration: 1}
$data merge entity $(bone_leftarm) {transformation: [-0.9985f,-0.0533f,0.0122f,0.1902f,-0.0496f,0.7893f,-0.612f,0.4964f,0.023f,-0.6117f,-0.7907f,-0.0746f,0f,0f,0f,1f],start_interpolation: 0,interpolation_duration: 1}
$data merge entity $(bone_staff) {transformation: [0.6658f,-0.0464f,-1.0533f,0.459f,-0.3767f,1.153f,-0.2889f,0.4631f,0.9847f,0.4725f,0.6016f,0.0518f,0f,0f,0f,1f],start_interpolation: 0,interpolation_duration: 1}
$data merge entity $(bone_jacket) {transformation: [-0.9928f,-0.0177f,0.1186f,0f,-0.0213f,0.9994f,-0.0289f,0.522f,-0.118f,-0.0312f,-0.9925f,-0.0247f,0f,0f,0f,1f],start_interpolation: 0,interpolation_duration: 1}