# This file was generated by Animated Java via MC-Build. It is not recommended to edit this file directly.
$data merge entity $(bone_cape) {transformation: [-0.9952f,0.0791f,-0.0579f,-0.0313f,0.0785f,0.9968f,0.013f,0.4126f,0.0587f,0.0084f,-0.9982f,0.0378f,0f,0f,0f,1f],start_interpolation: 0,interpolation_duration: 1}
$data merge entity $(bone_hat) {transformation: [-0.8235f,-0.1107f,0.5565f,0.109f,-0.1253f,0.9921f,0.0119f,0.837f,-0.5534f,-0.0599f,-0.8308f,-0.1158f,0f,0f,0f,1f],start_interpolation: 0,interpolation_duration: 1}
$data merge entity $(bone_head_hat) {transformation: [-0.83f,-0.0385f,0.5565f,0.0625f,-0.0383f,0.9992f,0.0119f,0.522f,-0.5565f,-0.0115f,-0.8308f,-0.0247f,0f,0f,0f,1f],start_interpolation: 0,interpolation_duration: 1}
$data merge entity $(bone_rightarm) {transformation: [-0.2473f,0.8834f,0.3981f,-0.1736f,0.9614f,0.1726f,0.2143f,0.5015f,0.1206f,0.4357f,-0.892f,-0.0143f,0f,0f,0f,1f],start_interpolation: 0,interpolation_duration: 1}
$data merge entity $(bone_leftarm) {transformation: [-0.999f,-0.0436f,0.0088f,0.1872f,-0.0403f,0.805f,-0.5919f,0.4982f,0.0187f,-0.5917f,-0.806f,-0.0725f,0f,0f,0f,1f],start_interpolation: 0,interpolation_duration: 1}
$data merge entity $(bone_staff) {transformation: [0.6589f,-0.0367f,-1.058f,0.4553f,-0.4081f,1.1411f,-0.2937f,0.459f,0.9768f,0.5015f,0.5909f,0.0538f,0f,0f,0f,1f],start_interpolation: 0,interpolation_duration: 1}
$data merge entity $(bone_jacket) {transformation: [-0.9951f,-0.0151f,0.0978f,0f,-0.0175f,0.9996f,-0.0243f,0.522f,-0.0974f,-0.0259f,-0.9949f,-0.0247f,0f,0f,0f,1f],start_interpolation: 0,interpolation_duration: 1}