# This file was generated by Animated Java via MC-Build. It is not recommended to edit this file directly.
$data merge entity $(bone_cape) {transformation: [-0.9937f,0.0911f,-0.065f,-0.0313f,0.0905f,0.9958f,0.0132f,0.4126f,0.0659f,0.0072f,-0.9978f,0.0378f,0f,0f,0f,1f],start_interpolation: 0,interpolation_duration: 1}
$data merge entity $(bone_hat) {transformation: [-0.8875f,-0.1305f,0.4419f,0.0854f,-0.1393f,0.9902f,0.0126f,0.8369f,-0.4392f,-0.0503f,-0.897f,-0.1229f,0f,0f,0f,1f],start_interpolation: 0,interpolation_duration: 1}
$data merge entity $(bone_head_hat) {transformation: [-0.8955f,-0.0527f,0.4419f,0.0554f,-0.0525f,0.9985f,0.0126f,0.522f,-0.4419f,-0.0119f,-0.897f,-0.0247f,0f,0f,0f,1f],start_interpolation: 0,interpolation_duration: 1}
$data merge entity $(bone_rightarm) {transformation: [-0.3784f,0.857f,0.3498f,-0.1736f,0.9162f,0.293f,0.2733f,0.5015f,0.1317f,0.424f,-0.8961f,-0.0182f,0f,0f,0f,1f],start_interpolation: 0,interpolation_duration: 1}
$data merge entity $(bone_leftarm) {transformation: [-0.9994f,-0.0343f,0.0061f,0.1844f,-0.0316f,0.8193f,-0.5725f,0.4995f,0.0146f,-0.5723f,-0.8199f,-0.0704f,0f,0f,0f,1f],start_interpolation: 0,interpolation_duration: 1}
$data merge entity $(bone_staff) {transformation: [0.6519f,-0.0279f,-1.0626f,0.4517f,-0.4374f,1.129f,-0.298f,0.4549f,0.9688f,0.5286f,0.5804f,0.0557f,0f,0f,0f,1f],start_interpolation: 0,interpolation_duration: 1}
$data merge entity $(bone_jacket) {transformation: [-0.9969f,-0.0123f,0.0773f,0f,-0.0139f,0.9997f,-0.0195f,0.522f,-0.0771f,-0.0205f,-0.9968f,-0.0247f,0f,0f,0f,1f],start_interpolation: 0,interpolation_duration: 1}