# This file was generated by Animated Java via MC-Build. It is not recommended to edit this file directly.
$data merge entity $(bone_cape) {transformation: [-0.9922f,0.1021f,-0.0712f,-0.0313f,0.1014f,0.9948f,0.013f,0.4126f,0.0721f,0.0057f,-0.9974f,0.0378f,0f,0f,0f,1f],start_interpolation: 0,interpolation_duration: 1}
$data merge entity $(bone_hat) {transformation: [-0.9378f,-0.1483f,0.314f,0.0569f,-0.1523f,0.9883f,0.0118f,0.8366f,-0.3121f,-0.0367f,-0.9494f,-0.1276f,0f,0f,0f,1f],start_interpolation: 0,interpolation_duration: 1}
$data merge entity $(bone_head_hat) {transformation: [-0.9471f,-0.066f,0.314f,0.0446f,-0.0656f,0.9978f,0.0118f,0.522f,-0.3141f,-0.0094f,-0.9494f,-0.0247f,0f,0f,0f,1f],start_interpolation: 0,interpolation_duration: 1}
$data merge entity $(bone_rightarm) {transformation: [-0.3056f,0.9362f,-0.1736f,-0.1736f,0.8887f,0.3459f,0.3009f,0.5015f,0.3418f,-0.0623f,-0.9377f,-0.0221f,0f,0f,0f,1f],start_interpolation: 0,interpolation_duration: 1}
$data merge entity $(bone_leftarm) {transformation: [-0.9997f,-0.0255f,0.0039f,0.1817f,-0.0235f,0.8321f,-0.5542f,0.5004f,0.0109f,-0.5541f,-0.8324f,-0.0684f,0f,0f,0f,1f],start_interpolation: 0,interpolation_duration: 1}
$data merge entity $(bone_staff) {transformation: [0.645f,-0.0202f,-1.067f,0.4482f,-0.4643f,1.1172f,-0.3018f,0.4507f,0.9608f,0.5534f,0.5704f,0.0575f,0f,0f,0f,1f],start_interpolation: 0,interpolation_duration: 1}
$data merge entity $(bone_jacket) {transformation: [-0.9983f,-0.0096f,0.0577f,0f,-0.0104f,0.9998f,-0.0147f,0.522f,-0.0576f,-0.0153f,-0.9982f,-0.0247f,0f,0f,0f,1f],start_interpolation: 0,interpolation_duration: 1}