# This file was generated by Animated Java via MC-Build. It is not recommended to edit this file directly.
$data merge entity $(bone_cape) {transformation: [-0.9908f,0.1116f,-0.0764f,-0.0313f,0.111f,0.9937f,0.0127f,0.4126f,0.0774f,0.0041f,-0.997f,0.0378f,0f,0f,0f,1f],start_interpolation: 0,interpolation_duration: 1}
$data merge entity $(bone_hat) {transformation: [-0.9689f,-0.1617f,0.1872f,0.0274f,-0.1629f,0.9866f,0.0091f,0.8361f,-0.1861f,-0.0217f,-0.9823f,-0.1298f,0f,0f,0f,1f],start_interpolation: 0,interpolation_duration: 1}
$data merge entity $(bone_head_hat) {transformation: [-0.9793f,-0.0766f,0.1872f,0.0318f,-0.0763f,0.997f,0.0091f,0.522f,-0.1873f,-0.0054f,-0.9823f,-0.0247f,0f,0f,0f,1f],start_interpolation: 0,interpolation_duration: 1}
$data merge entity $(bone_rightarm) {transformation: [-0.1388f,0.5834f,-0.8002f,-0.1736f,0.7725f,0.5694f,0.2812f,0.5015f,0.6197f,-0.5792f,-0.5297f,-0.0259f,0f,0f,0f,1f],start_interpolation: 0,interpolation_duration: 1}
$data merge entity $(bone_leftarm) {transformation: [-0.9998f,-0.0176f,0.0024f,0.1792f,-0.0161f,0.8432f,-0.5374f,0.501f,0.0075f,-0.5374f,-0.8433f,-0.0666f,0f,0f,0f,1f],start_interpolation: 0,interpolation_duration: 1}
$data merge entity $(bone_staff) {transformation: [0.6385f,-0.0135f,-1.0709f,0.445f,-0.4883f,1.106f,-0.3051f,0.4468f,0.9532f,0.5757f,0.5611f,0.0591f,0f,0f,0f,1f],start_interpolation: 0,interpolation_duration: 1}
$data merge entity $(bone_jacket) {transformation: [-0.9992f,-0.0068f,0.0396f,0f,-0.0072f,0.9999f,-0.0102f,0.522f,-0.0395f,-0.0104f,-0.9992f,-0.0247f,0f,0f,0f,1f],start_interpolation: 0,interpolation_duration: 1}