# This file was generated by Animated Java via MC-Build. It is not recommended to edit this file directly.
$data merge entity $(bone_cape) {transformation: [-0.9985f,-0.0337f,0.0422f,-0.0343f,-0.0347f,0.9991f,-0.0229f,0.4122f,-0.0414f,-0.0243f,-0.9988f,0.0381f,0f,0f,0f,1f],start_interpolation: 0,interpolation_duration: 1}
$data merge entity $(bone_hat) {transformation: [-0.9252f,-0.1925f,0.327f,0.0441f,-0.1944f,0.9805f,0.0272f,0.8369f,-0.3259f,-0.0384f,-0.9446f,-0.1273f,0f,0f,0f,1f],start_interpolation: 0,interpolation_duration: 1}
$data merge entity $(bone_head_hat) {transformation: [-0.9385f,-0.1112f,0.327f,0.0446f,-0.1082f,0.9938f,0.0272f,0.522f,-0.328f,-0.0098f,-0.9446f,-0.0247f,0f,0f,0f,1f],start_interpolation: 0,interpolation_duration: 1}
$data merge entity $(bone_rightarm) {transformation: [-0.9624f,0.2486f,-0.1096f,-0.1736f,0.2703f,0.9168f,-0.294f,0.5015f,0.0274f,-0.3126f,-0.9495f,-0.0018f,0f,0f,0f,1f],start_interpolation: 0,interpolation_duration: 1}
$data merge entity $(bone_leftarm) {transformation: [-0.9996f,-0.029f,0.0047f,0.1827f,-0.0266f,0.8272f,-0.5613f,0.5001f,0.0123f,-0.5612f,-0.8276f,-0.0692f,0f,0f,0f,1f],start_interpolation: 0,interpolation_duration: 1}
$data merge entity $(bone_staff) {transformation: [0.6477f,-0.0232f,-1.0653f,0.4496f,-0.4539f,1.1219f,-0.3004f,0.4524f,0.964f,0.5438f,0.5743f,0.0568f,0f,0f,0f,1f],start_interpolation: 0,interpolation_duration: 1}
$data merge entity $(bone_jacket) {transformation: [-0.9986f,-0.0208f,0.0481f,0f,-0.0209f,0.9998f,-0.0024f,0.522f,-0.0481f,-0.0034f,-0.9988f,-0.0247f,0f,0f,0f,1f],start_interpolation: 0,interpolation_duration: 1}