# This file was generated by Animated Java via MC-Build. It is not recommended to edit this file directly.
$data merge entity $(bone_cape) {transformation: [-0.9896f,0.1195f,-0.0807f,-0.0313f,0.1189f,0.9928f,0.0123f,0.4126f,0.0815f,0.0026f,-0.9967f,0.0378f,0f,0f,0f,1f],start_interpolation: 0,interpolation_duration: 1}
$data merge entity $(bone_hat) {transformation: [-0.9824f,-0.1699f,0.0774f,0.0007f,-0.1701f,0.9854f,0.0049f,0.8354f,-0.0771f,-0.0084f,-0.997f,-0.1302f,0f,0f,0f,1f],start_interpolation: 0,interpolation_duration: 1}
$data merge entity $(bone_head_hat) {transformation: [-0.9935f,-0.0837f,0.0774f,0.0188f,-0.0835f,0.9965f,0.0049f,0.522f,-0.0775f,-0.0016f,-0.997f,-0.0247f,0f,0f,0f,1f],start_interpolation: 0,interpolation_duration: 1}
$data merge entity $(bone_rightarm) {transformation: [-0.0378f,0.1323f,-0.9905f,-0.1736f,0.6186f,0.7815f,0.0808f,0.5015f,0.7848f,-0.6097f,-0.1114f,-0.0297f,0f,0f,0f,1f],start_interpolation: 0,interpolation_duration: 1}
$data merge entity $(bone_leftarm) {transformation: [-0.9999f,-0.0106f,0.0012f,0.177f,-0.0096f,0.8526f,-0.5225f,0.5013f,0.0045f,-0.5225f,-0.8526f,-0.065f,0f,0f,0f,1f],start_interpolation: 0,interpolation_duration: 1}
$data merge entity $(bone_staff) {transformation: [0.6326f,-0.0079f,-1.0745f,0.442f,-0.5092f,1.0958f,-0.3079f,0.4432f,0.9462f,0.595f,0.5527f,0.0605f,0f,0f,0f,1f],start_interpolation: 0,interpolation_duration: 1}
$data merge entity $(bone_jacket) {transformation: [-0.9997f,-0.0043f,0.0235f,0f,-0.0044f,1f,-0.006f,0.522f,-0.0235f,-0.0061f,-0.9997f,-0.0247f,0f,0f,0f,1f],start_interpolation: 0,interpolation_duration: 1}