# This file was generated by Animated Java via MC-Build. It is not recommended to edit this file directly.
$data merge entity $(bone_cape) {transformation: [-0.9886f,0.1254f,-0.0838f,-0.0313f,0.1249f,0.9921f,0.0119f,0.4126f,0.0846f,0.0013f,-0.9964f,0.0378f,0f,0f,0f,1f],start_interpolation: 0,interpolation_duration: 1}
$data merge entity $(bone_hat) {transformation: [-0.9848f,-0.1736f,0f,-0.0198f,-0.1736f,0.9848f,0f,0.8348f,0f,0f,-1f,-0.13f,0f,0f,0f,1f],start_interpolation: 0,interpolation_duration: 1}
$data merge entity $(bone_head_hat) {transformation: [-0.9962f,-0.0872f,0f,0.0076f,-0.0872f,0.9962f,0f,0.522f,0f,0f,-1f,-0.0247f,0f,0f,0f,1f],start_interpolation: 0,interpolation_duration: 1}
$data merge entity $(bone_rightarm) {transformation: [-0.021f,0.0151f,-0.9997f,-0.1736f,0.5737f,0.8191f,0.0004f,0.5015f,0.8188f,-0.5735f,-0.0258f,-0.0333f,0f,0f,0f,1f],start_interpolation: 0,interpolation_duration: 1}
$data merge entity $(bone_leftarm) {transformation: [-1f,-0.0046f,0.0005f,0.1751f,-0.0042f,0.8602f,-0.5099f,0.5015f,0.002f,-0.5099f,-0.8602f,-0.0636f,0f,0f,0f,1f],start_interpolation: 0,interpolation_duration: 1}
$data merge entity $(bone_staff) {transformation: [0.6275f,-0.0034f,-1.0775f,0.4395f,-0.5265f,1.087f,-0.3101f,0.44f,0.9401f,0.611f,0.5456f,0.0616f,0f,0f,0f,1f],start_interpolation: 0,interpolation_duration: 1}
$data merge entity $(bone_jacket) {transformation: [-0.9999f,-0.0019f,0.0101f,0f,-0.002f,1f,-0.0026f,0.522f,-0.0101f,-0.0026f,-0.9999f,-0.0247f,0f,0f,0f,1f],start_interpolation: 0,interpolation_duration: 1}