# This file was generated by Animated Java via MC-Build. It is not recommended to edit this file directly.
$data merge entity $(bone_cape) {transformation: [-0.9879f,0.1292f,-0.0857f,-0.0313f,0.1287f,0.9916f,0.0115f,0.4126f,0.0865f,0.0003f,-0.9963f,0.0378f,0f,0f,0f,1f],start_interpolation: 0,interpolation_duration: 1}
$data merge entity $(bone_hat) {transformation: [-0.9842f,-0.1718f,-0.0419f,-0.0312f,-0.1718f,0.9851f,-0.0037f,0.8345f,0.0419f,0.0036f,-0.9991f,-0.13f,0f,0f,0f,1f],start_interpolation: 0,interpolation_duration: 1}
$data merge entity $(bone_head_hat) {transformation: [-0.9955f,-0.0854f,-0.0419f,0f,-0.0853f,0.9963f,-0.0037f,0.522f,0.042f,-0.0001f,-0.9991f,-0.0247f,0f,0f,0f,1f],start_interpolation: 0,interpolation_duration: 1}
$data merge entity $(bone_rightarm) {transformation: [-0.0291f,0.0737f,-0.9969f,-0.1736f,0.5964f,0.8016f,0.0418f,0.5015f,0.8021f,-0.5934f,-0.0673f,-0.0368f,0f,0f,0f,1f],start_interpolation: 0,interpolation_duration: 1}
$data merge entity $(bone_leftarm) {transformation: [-1f,0f,0f,0.1736f,0f,0.866f,-0.5f,0.5015f,0f,-0.5f,-0.866f,-0.0625f,0f,0f,0f,1f],start_interpolation: 0,interpolation_duration: 1}
$data merge entity $(bone_staff) {transformation: [0.6235f,0f,-1.0799f,0.4375f,-0.5399f,1.0799f,-0.3117f,0.4375f,0.9352f,0.6235f,0.5399f,0.0625f,0f,0f,0f,1f],start_interpolation: 0,interpolation_duration: 1}
$data merge entity $(bone_jacket) {transformation: [-1f,0f,0f,0f,0f,1f,0f,0.522f,0f,0f,-1f,-0.0247f,0f,0f,0f,1f],start_interpolation: 0,interpolation_duration: 1}