# This file was generated by Animated Java via MC-Build. It is not recommended to edit this file directly.
$data merge entity $(bone_cape) {transformation: [-0.9877f,0.1305f,-0.0864f,-0.0313f,0.13f,0.9914f,0.0114f,0.4126f,0.0872f,0f,-0.9962f,0.0378f,0f,0f,0f,1f],start_interpolation: 0,interpolation_duration: 1}
$data merge entity $(bone_hat) {transformation: [-0.9846f,-0.1644f,-0.0591f,-0.0307f,-0.1644f,0.9864f,-0.0048f,0.8346f,0.0591f,0.005f,-0.9982f,-0.1299f,0f,0f,0f,1f],start_interpolation: 0,interpolation_duration: 1}
$data merge entity $(bone_head_hat) {transformation: [-0.9952f,-0.078f,-0.0591f,0f,-0.0779f,0.997f,-0.0048f,0.522f,0.0593f,-0.0002f,-0.9982f,-0.0247f,0f,0f,0f,1f],start_interpolation: 0,interpolation_duration: 1}
$data merge entity $(bone_rightarm) {transformation: [-0.0378f,0.1323f,-0.9905f,-0.1736f,0.6186f,0.7815f,0.0808f,0.5015f,0.7848f,-0.6097f,-0.1114f,-0.0402f,0f,0f,0f,1f],start_interpolation: 0,interpolation_duration: 1}