# This file was generated by Animated Java via MC-Build. It is not recommended to edit this file directly.
$data merge entity $(bone_cape) {transformation: [-0.9881f,0.128f,-0.0848f,-0.0313f,0.1275f,0.9918f,0.0109f,0.4126f,0.0855f,0f,-0.9963f,0.0378f,0f,0f,0f,1f],start_interpolation: 0,interpolation_duration: 1}
$data merge entity $(bone_hat) {transformation: [-0.9863f,-0.154f,-0.0583f,-0.0273f,-0.154f,0.9881f,-0.0042f,0.8349f,0.0582f,0.0048f,-0.9983f,-0.1299f,0f,0f,0f,1f],start_interpolation: 0,interpolation_duration: 1}
$data merge entity $(bone_head_hat) {transformation: [-0.996f,-0.0675f,-0.0583f,0f,-0.0673f,0.9977f,-0.0042f,0.522f,0.0584f,-0.0003f,-0.9983f,-0.0247f,0f,0f,0f,1f],start_interpolation: 0,interpolation_duration: 1}
$data merge entity $(bone_rightarm) {transformation: [-0.0276f,0.1337f,-0.9906f,-0.1736f,0.618f,0.7812f,0.0882f,0.5015f,0.7857f,-0.6098f,-0.1042f,-0.0434f,0f,0f,0f,1f],start_interpolation: 0,interpolation_duration: 1}