# This file was generated by Animated Java via MC-Build. It is not recommended to edit this file directly.
$data merge entity $(bone_cape) {transformation: [-0.9894f,0.121f,-0.0802f,-0.0313f,0.1206f,0.9927f,0.0098f,0.4126f,0.0808f,0f,-0.9967f,0.0378f,0f,0f,0f,1f],start_interpolation: 0,interpolation_duration: 1}
$data merge entity $(bone_hat) {transformation: [-0.9886f,-0.143f,-0.0461f,-0.0225f,-0.143f,0.9897f,-0.003f,0.8352f,0.0461f,0.0036f,-0.9989f,-0.13f,0f,0f,0f,1f],start_interpolation: 0,interpolation_duration: 1}
$data merge entity $(bone_head_hat) {transformation: [-0.9974f,-0.0563f,-0.0461f,0f,-0.0562f,0.9984f,-0.003f,0.522f,0.0462f,-0.0004f,-0.9989f,-0.0247f,0f,0f,0f,1f],start_interpolation: 0,interpolation_duration: 1}
$data merge entity $(bone_rightarm) {transformation: [-0.0073f,0.1364f,-0.9906f,-0.1736f,0.6162f,0.7809f,0.103f,0.5015f,0.7876f,-0.6096f,-0.0898f,-0.0465f,0f,0f,0f,1f],start_interpolation: 0,interpolation_duration: 1}