# This file was generated by Animated Java via MC-Build. It is not recommended to edit this file directly.
$data merge entity $(bone_cape) {transformation: [-0.9912f,0.1103f,-0.0732f,-0.0313f,0.11f,0.9939f,0.0081f,0.4126f,0.0736f,0f,-0.9973f,0.0378f,0f,0f,0f,1f],start_interpolation: 0,interpolation_duration: 1}
$data merge entity $(bone_hat) {transformation: [-0.9906f,-0.1338f,-0.0291f,-0.0178f,-0.1338f,0.991f,-0.0019f,0.8355f,0.0291f,0.002f,-0.9996f,-0.1301f,0f,0f,0f,1f],start_interpolation: 0,interpolation_duration: 1}
$data merge entity $(bone_head_hat) {transformation: [-0.9985f,-0.047f,-0.0291f,0f,-0.0469f,0.9989f,-0.0019f,0.522f,0.0292f,-0.0005f,-0.9996f,-0.0247f,0f,0f,0f,1f],start_interpolation: 0,interpolation_duration: 1}
$data merge entity $(bone_rightarm) {transformation: [0.0078f,0.1385f,-0.9903f,-0.1736f,0.6143f,0.7807f,0.1141f,0.5015f,0.789f,-0.6093f,-0.079f,-0.0494f,0f,0f,0f,1f],start_interpolation: 0,interpolation_duration: 1}