# This file was generated by Animated Java via MC-Build. It is not recommended to edit this file directly.
$data merge entity $(bone_cape) {transformation: [-0.9932f,0.0969f,-0.0644f,-0.0313f,0.0967f,0.9953f,0.0063f,0.4126f,0.0647f,0f,-0.9979f,0.0378f,0f,0f,0f,1f],start_interpolation: 0,interpolation_duration: 1}
$data merge entity $(bone_hat) {transformation: [-0.9916f,-0.1289f,-0.0141f,-0.0147f,-0.1289f,0.9917f,-0.0012f,0.8356f,0.0141f,0.0006f,-0.9999f,-0.1302f,0f,0f,0f,1f],start_interpolation: 0,interpolation_duration: 1}
$data merge entity $(bone_head_hat) {transformation: [-0.999f,-0.042f,-0.0141f,0f,-0.042f,0.9991f,-0.0012f,0.522f,0.0141f,-0.0006f,-0.9999f,-0.0247f,0f,0f,0f,1f],start_interpolation: 0,interpolation_duration: 1}
$data merge entity $(bone_rightarm) {transformation: [0.0028f,0.1378f,-0.9905f,-0.1736f,0.615f,0.7808f,0.1104f,0.5015f,0.7885f,-0.6094f,-0.0826f,-0.0521f,0f,0f,0f,1f],start_interpolation: 0,interpolation_duration: 1}