# This file was generated by Animated Java via MC-Build. It is not recommended to edit this file directly.
$data merge entity $(bone_cape) {transformation: [-0.9952f,0.0816f,-0.0543f,-0.0313f,0.0815f,0.9967f,0.0044f,0.4126f,0.0545f,0f,-0.9985f,0.0378f,0f,0f,0f,1f],start_interpolation: 0,interpolation_duration: 1}
$data merge entity $(bone_hat) {transformation: [-0.9914f,-0.1309f,-0.0075f,-0.0146f,-0.1309f,0.9914f,-0.001f,0.8356f,0.0076f,0f,-1f,-0.1302f,0f,0f,0f,1f],start_interpolation: 0,interpolation_duration: 1}
$data merge entity $(bone_head_hat) {transformation: [-0.999f,-0.044f,-0.0075f,0f,-0.0439f,0.999f,-0.001f,0.522f,0.0076f,-0.0007f,-1f,-0.0247f,0f,0f,0f,1f],start_interpolation: 0,interpolation_duration: 1}
$data merge entity $(bone_rightarm) {transformation: [-0.0378f,0.1323f,-0.9905f,-0.1736f,0.6186f,0.7815f,0.0808f,0.5015f,0.7848f,-0.6097f,-0.1114f,-0.0547f,0f,0f,0f,1f],start_interpolation: 0,interpolation_duration: 1}