# This file was generated by Animated Java via MC-Build. It is not recommended to edit this file directly.
$data merge entity $(bone_cape) {transformation: [-0.9969f,0.0654f,-0.0435f,-0.0313f,0.0653f,0.9979f,0.0028f,0.4126f,0.0436f,0f,-0.999f,0.0378f,0f,0f,0f,1f],start_interpolation: 0,interpolation_duration: 1}
$data merge entity $(bone_hat) {transformation: [-0.9896f,-0.1439f,-0.0071f,-0.0187f,-0.1439f,0.9896f,-0.001f,0.8354f,0.0071f,0f,-1f,-0.1302f,0f,0f,0f,1f],start_interpolation: 0,interpolation_duration: 1}
$data merge entity $(bone_head_hat) {transformation: [-0.9983f,-0.0571f,-0.0071f,0f,-0.0571f,0.9984f,-0.001f,0.522f,0.0071f,-0.0006f,-1f,-0.0247f,0f,0f,0f,1f],start_interpolation: 0,interpolation_duration: 1}
$data merge entity $(bone_rightarm) {transformation: [-0.3269f,0.0721f,-0.9423f,-0.1736f,0.5351f,0.836f,-0.1217f,0.5015f,0.779f,-0.544f,-0.3119f,-0.057f,0f,0f,0f,1f],start_interpolation: 0,interpolation_duration: 1}