# This file was generated by Animated Java via MC-Build. It is not recommended to edit this file directly.
$data merge entity $(bone_cape) {transformation: [-0.9973f,-0.045f,0.0573f,-0.0353f,-0.0468f,0.9984f,-0.0302f,0.412f,-0.0558f,-0.0328f,-0.9979f,0.0383f,0f,0f,0f,1f],start_interpolation: 0,interpolation_duration: 1}
$data merge entity $(bone_hat) {transformation: [-0.8886f,-0.1674f,0.427f,0.0724f,-0.1722f,0.9847f,0.0276f,0.8377f,-0.4251f,-0.049f,-0.9038f,-0.1236f,0f,0f,0f,1f],start_interpolation: 0,interpolation_duration: 1}
$data merge entity $(bone_head_hat) {transformation: [-0.8998f,-0.0893f,0.427f,0.0554f,-0.0858f,0.9959f,0.0276f,0.522f,-0.4277f,-0.0118f,-0.9038f,-0.0247f,0f,0f,0f,1f],start_interpolation: 0,interpolation_duration: 1}
$data merge entity $(bone_rightarm) {transformation: [-0.8927f,0.4116f,-0.1834f,-0.1736f,0.4483f,0.8523f,-0.2693f,0.5015f,0.0455f,-0.3226f,-0.9454f,0.0172f,0f,0f,0f,1f],start_interpolation: 0,interpolation_duration: 1}
$data merge entity $(bone_leftarm) {transformation: [-0.9992f,-0.0389f,0.0074f,0.1858f,-0.0359f,0.8123f,-0.5821f,0.4989f,0.0166f,-0.5819f,-0.8131f,-0.0714f,0f,0f,0f,1f],start_interpolation: 0,interpolation_duration: 1}
$data merge entity $(bone_staff) {transformation: [0.6553f,-0.0322f,-1.0603f,0.4535f,-0.423f,1.135f,-0.2959f,0.4569f,0.9728f,0.5153f,0.5856f,0.0548f,0f,0f,0f,1f],start_interpolation: 0,interpolation_duration: 1}
$data merge entity $(bone_jacket) {transformation: [-0.9975f,-0.0278f,0.0645f,0f,-0.0281f,0.9996f,-0.0027f,0.522f,-0.0644f,-0.0045f,-0.9979f,-0.0247f,0f,0f,0f,1f],start_interpolation: 0,interpolation_duration: 1}