# This file was generated by Animated Java via MC-Build. It is not recommended to edit this file directly.
$data merge entity $(bone_cape) {transformation: [-0.9983f,0.049f,-0.0326f,-0.0313f,0.0489f,0.9988f,0.0016f,0.4126f,0.0326f,0f,-0.9995f,0.0378f,0f,0f,0f,1f],start_interpolation: 0,interpolation_duration: 1}
$data merge entity $(bone_hat) {transformation: [-0.9861f,-0.1659f,-0.0058f,-0.0255f,-0.1659f,0.9861f,-0.001f,0.8349f,0.0059f,0f,-1f,-0.1302f,0f,0f,0f,1f],start_interpolation: 0,interpolation_duration: 1}
$data merge entity $(bone_head_hat) {transformation: [-0.9968f,-0.0794f,-0.0058f,0f,-0.0794f,0.9968f,-0.001f,0.522f,0.0059f,-0.0005f,-1f,-0.0247f,0f,0f,0f,1f],start_interpolation: 0,interpolation_duration: 1}
$data merge entity $(bone_rightarm) {transformation: [-0.6115f,-0.0315f,-0.7906f,-0.1736f,0.3231f,0.9022f,-0.2858f,0.5015f,0.7223f,-0.4302f,-0.5415f,-0.0591f,0f,0f,0f,1f],start_interpolation: 0,interpolation_duration: 1}