# This file was generated by Animated Java via MC-Build. It is not recommended to edit this file directly.
$data merge entity $(bone_cape) {transformation: [-0.9992f,0.0333f,-0.0222f,-0.0313f,0.0333f,0.9994f,0.0007f,0.4126f,0.0222f,0f,-0.9998f,0.0378f,0f,0f,0f,1f],start_interpolation: 0,interpolation_duration: 1}
$data merge entity $(bone_hat) {transformation: [-0.9813f,-0.1926f,-0.0042f,-0.0338f,-0.1926f,0.9813f,-0.0008f,0.8342f,0.0043f,0f,-1f,-0.1301f,0f,0f,0f,1f],start_interpolation: 0,interpolation_duration: 1}
$data merge entity $(bone_head_hat) {transformation: [-0.9943f,-0.1063f,-0.0042f,0f,-0.1063f,0.9943f,-0.0008f,0.522f,0.0043f,-0.0004f,-1f,-0.0247f,0f,0f,0f,1f],start_interpolation: 0,interpolation_duration: 1}
$data merge entity $(bone_rightarm) {transformation: [-0.8509f,-0.0106f,-0.5253f,-0.1736f,0.2009f,0.9173f,-0.3439f,0.5015f,0.4855f,-0.3982f,-0.7783f,-0.0609f,0f,0f,0f,1f],start_interpolation: 0,interpolation_duration: 1}