# This file was generated by Animated Java via MC-Build. It is not recommended to edit this file directly.
$data merge entity $(bone_cape) {transformation: [-0.9997f,0.0194f,-0.0129f,-0.0313f,0.0194f,0.9998f,0.0003f,0.4126f,0.0129f,0f,-0.9999f,0.0378f,0f,0f,0f,1f],start_interpolation: 0,interpolation_duration: 1}
$data merge entity $(bone_hat) {transformation: [-0.9756f,-0.2197f,-0.0025f,-0.0423f,-0.2197f,0.9756f,-0.0006f,0.8332f,0.0025f,0f,-1f,-0.1301f,0f,0f,0f,1f],start_interpolation: 0,interpolation_duration: 1}
$data merge entity $(bone_head_hat) {transformation: [-0.991f,-0.1338f,-0.0025f,0f,-0.1338f,0.991f,-0.0006f,0.522f,0.0025f,-0.0002f,-1f,-0.0247f,0f,0f,0f,1f],start_interpolation: 0,interpolation_duration: 1}
$data merge entity $(bone_rightarm) {transformation: [-0.9769f,0.0206f,-0.2129f,-0.1736f,0.092f,0.9389f,-0.3316f,0.5015f,0.1931f,-0.3435f,-0.9191f,-0.0625f,0f,0f,0f,1f],start_interpolation: 0,interpolation_duration: 1}