# This file was generated by Animated Java via MC-Build. It is not recommended to edit this file directly.
$data merge entity $(bone_cape) {transformation: [-1f,0.008f,-0.0053f,-0.0313f,0.008f,1f,0f,0.4126f,0.0053f,0f,-1f,0.0378f,0f,0f,0f,1f],start_interpolation: 0,interpolation_duration: 1}
$data merge entity $(bone_hat) {transformation: [-0.97f,-0.2431f,-0.001f,-0.0496f,-0.2431f,0.97f,-0.0002f,0.8321f,0.001f,0f,-1f,-0.13f,0f,0f,0f,1f],start_interpolation: 0,interpolation_duration: 1}
$data merge entity $(bone_head_hat) {transformation: [-0.9875f,-0.1577f,-0.001f,0f,-0.1577f,0.9875f,-0.0002f,0.522f,0.001f,-0.0001f,-1f,-0.0247f,0f,0f,0f,1f],start_interpolation: 0,interpolation_duration: 1}
$data merge entity $(bone_rightarm) {transformation: [-0.998f,0.0033f,-0.0629f,-0.1736f,0.0224f,0.9519f,-0.3056f,0.5015f,0.0588f,-0.3064f,-0.9501f,-0.0625f,0f,0f,0f,1f],start_interpolation: 0,interpolation_duration: 1}