# This file was generated by Animated Java via MC-Build. It is not recommended to edit this file directly.
$data merge entity $(bone_cape) {transformation: [-1f,0f,0f,-0.0313f,0f,1f,0f,0.4126f,0f,0f,-1f,0.0378f,0f,0f,0f,1f],start_interpolation: 0,interpolation_duration: 1}
$data merge entity $(bone_hat) {transformation: [-0.9659f,-0.2588f,0f,-0.0545f,-0.2588f,0.9659f,0f,0.8313f,0f,0f,-1f,-0.13f,0f,0f,0f,1f],start_interpolation: 0,interpolation_duration: 1}
$data merge entity $(bone_head_hat) {transformation: [-0.9848f,-0.1736f,0f,0f,-0.1736f,0.9848f,0f,0.522f,0f,0f,-1f,-0.0247f,0f,0f,0f,1f],start_interpolation: 0,interpolation_duration: 1}
$data merge entity $(bone_rightarm) {transformation: [-1f,0f,0f,-0.1736f,0f,0.9537f,-0.3007f,0.5015f,0f,-0.3007f,-0.9537f,-0.0625f,0f,0f,0f,1f],start_interpolation: 0,interpolation_duration: 1}