# This file was generated by Animated Java via MC-Build. It is not recommended to edit this file directly.
$data merge entity $(bone_cape) {transformation: [-0.9957f,-0.0568f,0.0736f,-0.0365f,-0.0597f,0.9975f,-0.0376f,0.4118f,-0.0713f,-0.0418f,-0.9966f,0.0384f,0f,0f,0f,1f],start_interpolation: 0,interpolation_duration: 1}
$data merge entity $(bone_hat) {transformation: [-0.8425f,-0.1413f,0.5198f,0.0961f,-0.1505f,0.9883f,0.0248f,0.8379f,-0.5172f,-0.0573f,-0.8539f,-0.1184f,0f,0f,0f,1f],start_interpolation: 0,interpolation_duration: 1}
$data merge entity $(bone_head_hat) {transformation: [-0.8516f,-0.0673f,0.5198f,0.0625f,-0.0637f,0.9977f,0.0248f,0.522f,-0.5203f,-0.012f,-0.8539f,-0.0247f,0f,0f,0f,1f],start_interpolation: 0,interpolation_duration: 1}
$data merge entity $(bone_rightarm) {transformation: [-0.7801f,0.571f,-0.2559f,-0.1736f,0.6222f,0.751f,-0.221f,0.5015f,0.066f,-0.3316f,-0.9411f,0.0347f,0f,0f,0f,1f],start_interpolation: 0,interpolation_duration: 1}
$data merge entity $(bone_leftarm) {transformation: [-0.9987f,-0.0494f,0.0108f,0.189f,-0.0458f,0.7957f,-0.6039f,0.4972f,0.0213f,-0.6036f,-0.797f,-0.0737f,0f,0f,0f,1f],start_interpolation: 0,interpolation_duration: 1}
$data merge entity $(bone_staff) {transformation: [0.663f,-0.0424f,-1.0552f,0.4575f,-0.3895f,1.1483f,-0.2909f,0.4615f,0.9816f,0.4843f,0.5973f,0.0526f,0f,0f,0f,1f],start_interpolation: 0,interpolation_duration: 1}
$data merge entity $(bone_jacket) {transformation: [-0.996f,-0.0353f,0.0818f,0f,-0.0356f,0.9994f,-0.0027f,0.522f,-0.0817f,-0.0056f,-0.9966f,-0.0247f,0f,0f,0f,1f],start_interpolation: 0,interpolation_duration: 1}