# This file was generated by Animated Java via MC-Build. It is not recommended to edit this file directly.
$data merge entity $(bone_cape) {transformation: [-0.9935f,-0.0688f,0.0908f,-0.0376f,-0.0731f,0.9963f,-0.0448f,0.4116f,-0.0873f,-0.0512f,-0.9949f,0.0385f,0f,0f,0f,1f],start_interpolation: 0,interpolation_duration: 1}
$data merge entity $(bone_hat) {transformation: [-0.7916f,-0.1163f,0.5998f,0.1122f,-0.1305f,0.9912f,0.02f,0.8378f,-0.5969f,-0.0625f,-0.7999f,-0.1122f,0f,0f,0f,1f],start_interpolation: 0,interpolation_duration: 1}
$data merge entity $(bone_head_hat) {transformation: [-0.7988f,-0.0469f,0.5998f,0.0637f,-0.0436f,0.9988f,0.02f,0.522f,-0.6001f,-0.0102f,-0.7999f,-0.0247f,0f,0f,0f,1f],start_interpolation: 0,interpolation_duration: 1}
$data merge entity $(bone_rightarm) {transformation: [-0.633f,0.7076f,-0.314f,-0.1736f,0.7691f,0.6212f,-0.1504f,0.5015f,0.0887f,-0.3367f,-0.9374f,0.0491f,0f,0f,0f,1f],start_interpolation: 0,interpolation_duration: 1}
$data merge entity $(bone_leftarm) {transformation: [-0.9981f,-0.0603f,0.0149f,0.1923f,-0.0563f,0.7775f,-0.6264f,0.4949f,0.0261f,-0.626f,-0.7794f,-0.0761f,0f,0f,0f,1f],start_interpolation: 0,interpolation_duration: 1}
$data merge entity $(bone_staff) {transformation: [0.6705f,-0.0537f,-1.0499f,0.4617f,-0.3538f,1.1612f,-0.2853f,0.4658f,0.99f,0.4513f,0.6092f,0.0503f,0f,0f,0f,1f],start_interpolation: 0,interpolation_duration: 1}
$data merge entity $(bone_jacket) {transformation: [-0.9941f,-0.0429f,0.0997f,0f,-0.0433f,0.9991f,-0.0025f,0.522f,-0.0995f,-0.0069f,-0.995f,-0.0247f,0f,0f,0f,1f],start_interpolation: 0,interpolation_duration: 1}