# This file was generated by Animated Java via MC-Build. It is not recommended to edit this file directly.
$data merge entity $(bone_cape) {transformation: [-0.9908f,-0.0807f,0.1085f,-0.0388f,-0.0867f,0.9949f,-0.0518f,0.4114f,-0.1037f,-0.0607f,-0.9928f,0.0387f,0f,0f,0f,1f],start_interpolation: 0,interpolation_duration: 1}
$data merge entity $(bone_hat) {transformation: [-0.7426f,-0.0948f,0.663f,0.125f,-0.1134f,0.9934f,0.015f,0.8375f,-0.6601f,-0.064f,-0.7485f,-0.1055f,0f,0f,0f,1f],start_interpolation: 0,interpolation_duration: 1}
$data merge entity $(bone_head_hat) {transformation: [-0.748f,-0.0297f,0.663f,0.0645f,-0.0264f,0.9995f,0.015f,0.522f,-0.6632f,-0.0062f,-0.7485f,-0.0247f,0f,0f,0f,1f],start_interpolation: 0,interpolation_duration: 1}
$data merge entity $(bone_rightarm) {transformation: [-0.4712f,0.8107f,-0.3474f,-0.1736f,0.8747f,0.48f,-0.0662f,0.5015f,0.1131f,-0.3351f,-0.9354f,0.0589f,0f,0f,0f,1f],start_interpolation: 0,interpolation_duration: 1}
$data merge entity $(bone_leftarm) {transformation: [-0.9973f,-0.0712f,0.0199f,0.1957f,-0.0671f,0.7578f,-0.649f,0.4921f,0.0311f,-0.6486f,-0.7605f,-0.0783f,0f,0f,0f,1f],start_interpolation: 0,interpolation_duration: 1}
$data merge entity $(bone_staff) {transformation: [0.6776f,-0.0659f,-1.0447f,0.4657f,-0.3164f,1.1733f,-0.2793f,0.4699f,0.9978f,0.4169f,0.6209f,0.0479f,0f,0f,0f,1f],start_interpolation: 0,interpolation_duration: 1}
$data merge entity $(bone_jacket) {transformation: [-0.9918f,-0.0504f,0.1178f,0f,-0.051f,0.9987f,-0.0022f,0.522f,-0.1175f,-0.0082f,-0.993f,-0.0247f,0f,0f,0f,1f],start_interpolation: 0,interpolation_duration: 1}