# This file was generated by Animated Java via MC-Build. It is not recommended to edit this file directly.
$data merge entity $(bone_cape) {transformation: [-0.9877f,-0.0922f,0.1263f,-0.04f,-0.1002f,0.9933f,-0.0582f,0.4112f,-0.1201f,-0.0702f,-0.9903f,0.0388f,0f,0f,0f,1f],start_interpolation: 0,interpolation_duration: 1}
$data merge entity $(bone_hat) {transformation: [-0.7028f,-0.079f,0.707f,0.134f,-0.0994f,0.995f,0.0123f,0.8373f,-0.7044f,-0.0616f,-0.7071f,-0.0992f,0f,0f,0f,1f],start_interpolation: 0,interpolation_duration: 1}
$data merge entity $(bone_head_hat) {transformation: [-0.707f,-0.0175f,0.707f,0.065f,-0.0123f,0.9998f,0.0123f,0.522f,-0.7071f,0f,-0.7071f,-0.0247f,0f,0f,0f,1f],start_interpolation: 0,interpolation_duration: 1}
$data merge entity $(bone_rightarm) {transformation: [-0.3201f,0.8796f,-0.352f,-0.1736f,0.9372f,0.3484f,0.0184f,0.5015f,0.1389f,-0.324f,-0.9358f,0.0625f,0f,0f,0f,1f],start_interpolation: 0,interpolation_duration: 1}
$data merge entity $(bone_leftarm) {transformation: [-0.9963f,-0.0821f,0.0257f,0.1991f,-0.078f,0.737f,-0.6714f,0.4887f,0.0362f,-0.6709f,-0.7407f,-0.0805f,0f,0f,0f,1f],start_interpolation: 0,interpolation_duration: 1}
$data merge entity $(bone_staff) {transformation: [0.6841f,-0.0789f,-1.0395f,0.4697f,-0.2781f,1.1845f,-0.2729f,0.4736f,1.0047f,0.3816f,0.6322f,0.0455f,0f,0f,0f,1f],start_interpolation: 0,interpolation_duration: 1}
$data merge entity $(bone_jacket) {transformation: [-0.9891f,-0.0577f,0.1356f,0f,-0.0584f,0.9983f,-0.0016f,0.522f,-0.1353f,-0.0095f,-0.9908f,-0.0247f,0f,0f,0f,1f],start_interpolation: 0,interpolation_duration: 1}