# This file was generated by Animated Java via MC-Build. It is not recommended to edit this file directly.
$data merge entity $(bone_rightleg) {transformation: [-0.9999f,-0.0007f,0.0171f,-0.1888f,-0.0007f,1f,-0.0023f,0.0746f,-0.0171f,-0.0023f,-0.9999f,0.2415f,0f,0f,0f,1f],start_interpolation: 0,interpolation_duration: 1}
$data merge entity $(bone_leftleg) {transformation: [-0.9999f,0f,0.0112f,0.0001f,0f,1f,0.0006f,0.5221f,-0.0112f,0.0006f,-0.9999f,-0.0297f,0f,0f,0f,1f],start_interpolation: 0,interpolation_duration: 1}
$data merge entity $(bone_bottom) {transformation: [-1f,-0.0006f,0.0001f,0f,-0.0006f,1f,0.0018f,0.5219f,-0.0001f,0.0018f,-1f,-0.0238f,0f,0f,0f,1f],start_interpolation: 0,interpolation_duration: 1}
$data merge entity $(bone_cape) {transformation: [-1f,0f,0f,-0.0313f,0f,0.9998f,-0.0177f,0.41f,0f,-0.0177f,-0.9998f,0.0422f,0f,0f,0f,1f],start_interpolation: 0,interpolation_duration: 1}
$data merge entity $(bone_hat) {transformation: [-0.9654f,-0.2606f,0.0073f,-0.054f,-0.2605f,0.9654f,0.0146f,0.8332f,-0.0108f,0.0122f,-0.9999f,-0.1239f,0f,0f,0f,1f],start_interpolation: 0,interpolation_duration: 1}
$data merge entity $(bone_head_hat) {transformation: [-0.9845f,-0.1754f,0.0073f,0.0003f,-0.1753f,0.9844f,0.0146f,0.5226f,-0.0097f,0.0131f,-0.9999f,-0.0227f,0f,0f,0f,1f],start_interpolation: 0,interpolation_duration: 1}
$data merge entity $(bone_rightarm) {transformation: [-0.9999f,-0.0123f,0.0047f,-0.1766f,-0.0131f,0.962f,-0.2729f,0.5015f,-0.0011f,-0.2729f,-0.962f,-0.0618f,0f,0f,0f,1f],start_interpolation: 0,interpolation_duration: 1}
$data merge entity $(bone_leftarm) {transformation: [-0.9987f,0.02f,0.0468f,0.1737f,-0.0075f,0.8522f,-0.5232f,0.5003f,-0.0504f,-0.5229f,-0.8509f,-0.0703f,0f,0f,0f,1f],start_interpolation: 0,interpolation_duration: 1}
$data merge entity $(bone_staff) {transformation: [0.6235f,-0.0605f,-1.0782f,0.4179f,-0.5399f,1.0607f,-0.3717f,0.4439f,0.9352f,0.6527f,0.5042f,0.0846f,0f,0f,0f,1f],start_interpolation: 0,interpolation_duration: 1}
$data merge entity $(bone_jacket) {transformation: [-0.9999f,-0.0008f,0.015f,-0.001f,-0.0006f,1f,0.0085f,0.522f,-0.015f,0.0085f,-0.9999f,-0.0235f,0f,0f,0f,1f],start_interpolation: 0,interpolation_duration: 1}