# This file was generated by Animated Java via MC-Build. It is not recommended to edit this file directly.
$data merge entity $(bone_rightleg) {transformation: [-0.9659f,0f,0.2588f,-0.2764f,0f,1f,0f,0.0746f,-0.2588f,0f,-0.9659f,0.1827f,0f,0f,0f,1f],start_interpolation: 0,interpolation_duration: 1}
$data merge entity $(bone_leftleg) {transformation: [-0.9848f,0f,0.1736f,0.0023f,0f,1f,0f,0.5232f,-0.1736f,0f,-0.9848f,-0.1127f,0f,0f,0f,1f],start_interpolation: 0,interpolation_duration: 1}
$data merge entity $(bone_bottom) {transformation: [-1f,-0.0059f,0.0011f,0f,-0.0059f,0.9998f,0.018f,0.5212f,-0.0012f,0.018f,-0.9998f,-0.0153f,0f,0f,0f,1f],start_interpolation: 0,interpolation_duration: 1}
$data merge entity $(bone_cape) {transformation: [-1f,0f,0f,-0.0313f,0f,0.9362f,-0.3515f,0.3611f,0f,-0.3515f,-0.9362f,0.0663f,0f,0f,0f,1f],start_interpolation: 0,interpolation_duration: 1}
$data merge entity $(bone_hat) {transformation: [-0.9562f,-0.2733f,0.1048f,-0.0592f,-0.2563f,0.9547f,0.151f,0.8283f,-0.1413f,0.1175f,-0.983f,-0.154f,0f,0f,0f,1f],start_interpolation: 0,interpolation_duration: 1}
$data merge entity $(bone_head_hat) {transformation: [-0.9764f,-0.1889f,0.1048f,-0.0109f,-0.1722f,0.9734f,0.151f,0.5068f,-0.1305f,0.1294f,-0.983f,-0.0911f,0f,0f,0f,1f],start_interpolation: 0,interpolation_duration: 1}
$data merge entity $(bone_rightarm) {transformation: [-0.9848f,-0.1736f,0f,-0.2205f,-0.173f,0.9811f,0.0872f,0.5015f,-0.0151f,0.0858f,-0.9962f,-0.0625f,0f,0f,0f,1f],start_interpolation: 0,interpolation_duration: 1}
$data merge entity $(bone_leftarm) {transformation: [-0.7528f,0.4419f,0.4878f,0.1782f,-0.1241f,0.6325f,-0.7645f,0.4917f,-0.6464f,-0.6361f,-0.4213f,-0.1962f,0f,0f,0f,1f],start_interpolation: 0,interpolation_duration: 1}
$data merge entity $(bone_staff) {transformation: [0.6235f,-0.4132f,-0.9977f,0.1875f,-0.5399f,0.8784f,-0.7013f,0.5313f,0.9352f,0.7826f,0.2602f,0.2344f,0f,0f,0f,1f],start_interpolation: 0,interpolation_duration: 1}
$data merge entity $(bone_jacket) {transformation: [-0.9763f,-0.0189f,0.2156f,-0.0156f,0f,0.9962f,0.0872f,0.522f,-0.2164f,0.0851f,-0.9726f,-0.0247f,0f,0f,0f,1f],start_interpolation: 0,interpolation_duration: 1}