# This file was generated by Animated Java via MC-Build. It is not recommended to edit this file directly.
$data merge entity $(bone_rightleg) {transformation: [-0.9646f,0.004f,0.2637f,-0.2776f,0.023f,0.9973f,0.069f,0.0717f,-0.2628f,0.0727f,-0.9621f,0.1702f,0f,0f,0f,1f],start_interpolation: 0,interpolation_duration: 1}
$data merge entity $(bone_leftleg) {transformation: [-0.9836f,-0.001f,0.1801f,0.0022f,-0.0023f,1f,-0.0071f,0.5231f,-0.1801f,-0.0074f,-0.9836f,-0.1221f,0f,0f,0f,1f],start_interpolation: 0,interpolation_duration: 1}
$data merge entity $(bone_bottom) {transformation: [-1f,0f,0f,0f,0f,1f,0f,0.522f,0f,0f,-1f,-0.0247f,0f,0f,0f,1f],start_interpolation: 0,interpolation_duration: 1}
$data merge entity $(bone_cape) {transformation: [-1f,0f,0f,-0.0313f,0f,0.9101f,-0.4143f,0.3526f,0f,-0.4143f,-0.9101f,0.0471f,0f,0f,0f,1f],start_interpolation: 0,interpolation_duration: 1}
$data merge entity $(bone_hat) {transformation: [-0.9729f,-0.2086f,0.0997f,-0.0466f,-0.211f,0.9774f,-0.0138f,0.8065f,-0.0945f,-0.0345f,-0.9949f,-0.2499f,0f,0f,0f,1f],start_interpolation: 0,interpolation_duration: 1}
$data merge entity $(bone_head_hat) {transformation: [-0.9874f,-0.123f,0.0997f,-0.0184f,-0.125f,0.9921f,-0.0138f,0.4965f,-0.0972f,-0.0261f,-0.9949f,-0.1369f,0f,0f,0f,1f],start_interpolation: 0,interpolation_duration: 1}
$data merge entity $(bone_rightarm) {transformation: [-0.9925f,-0.1214f,0.0103f,-0.223f,-0.1214f,0.9926f,0.0026f,0.505f,-0.0106f,0.0013f,-0.9999f,-0.0843f,0f,0f,0f,1f],start_interpolation: 0,interpolation_duration: 1}
$data merge entity $(bone_leftarm) {transformation: [-0.8131f,0.3329f,0.4775f,0.1781f,-0.229f,0.5712f,-0.7882f,0.4874f,-0.5352f,-0.7503f,-0.3882f,-0.2118f,0f,0f,0f,1f],start_interpolation: 0,interpolation_duration: 1}
$data merge entity $(bone_staff) {transformation: [0.6025f,-0.4905f,-0.9754f,0.2393f,-0.4343f,0.9144f,-0.7281f,0.568f,1.0016f,0.6915f,0.271f,0.2213f,0f,0f,0f,1f],start_interpolation: 0,interpolation_duration: 1}
$data merge entity $(bone_jacket) {transformation: [-0.9798f,0.0171f,0.1993f,-0.0166f,0.0173f,0.9998f,-0.0006f,0.526f,-0.1993f,0.0028f,-0.9799f,-0.0631f,0f,0f,0f,1f],start_interpolation: 0,interpolation_duration: 1}