# This file was generated by Animated Java via MC-Build. It is not recommended to edit this file directly.
$data merge entity $(bone_rightleg) {transformation: [-0.9674f,0.0127f,0.2529f,-0.2714f,0.0572f,0.9839f,0.1693f,0.0672f,-0.2467f,0.1783f,-0.9525f,0.1577f,0f,0f,0f,1f],start_interpolation: 0,interpolation_duration: 1}
$data merge entity $(bone_leftleg) {transformation: [-0.9831f,-0.0052f,0.1829f,0.002f,-0.0082f,0.9998f,-0.0153f,0.523f,-0.1828f,-0.0165f,-0.983f,-0.1307f,0f,0f,0f,1f],start_interpolation: 0,interpolation_duration: 1}
$data merge entity $(bone_bottom) {transformation: [-0.9996f,0.0261f,-0.0063f,0.0007f,0.0265f,0.9963f,-0.0813f,0.5338f,0.0042f,-0.0814f,-0.9967f,-0.0711f,0f,0f,0f,1f],start_interpolation: 0,interpolation_duration: 1}
$data merge entity $(bone_cape) {transformation: [-1f,0f,0f,-0.0312f,0f,0.8756f,-0.483f,0.3432f,0f,-0.483f,-0.8756f,0.0233f,0f,0f,0f,1f],start_interpolation: 0,interpolation_duration: 1}
$data merge entity $(bone_hat) {transformation: [-0.9896f,-0.1336f,0.0525f,-0.0357f,-0.1428f,0.9533f,-0.266f,0.7589f,-0.0145f,-0.2708f,-0.9625f,-0.3721f,0f,0f,0f,1f],start_interpolation: 0,interpolation_duration: 1}
$data merge entity $(bone_head_hat) {transformation: [-0.9975f,-0.0468f,0.0525f,-0.0265f,-0.0592f,0.9621f,-0.266f,0.4848f,-0.0381f,-0.2685f,-0.9625f,-0.1864f,0f,0f,0f,1f],start_interpolation: 0,interpolation_duration: 1}
$data merge entity $(bone_rightarm) {transformation: [-0.9995f,-0.0305f,0.0071f,-0.2224f,-0.0312f,0.989f,-0.1443f,0.512f,-0.0026f,-0.1444f,-0.9895f,-0.1153f,0f,0f,0f,1f],start_interpolation: 0,interpolation_duration: 1}
$data merge entity $(bone_leftarm) {transformation: [-0.8705f,0.1094f,0.4798f,0.1776f,-0.3932f,0.4317f,-0.8118f,0.4818f,-0.2959f,-0.8954f,-0.3328f,-0.2267f,0f,0f,0f,1f],start_interpolation: 0,interpolation_duration: 1}
$data merge entity $(bone_staff) {transformation: [0.53f,-0.6196f,-0.9434f,0.3125f,-0.2872f,0.9339f,-0.7747f,0.6331f,1.0915f,0.5466f,0.2543f,0.1669f,0f,0f,0f,1f],start_interpolation: 0,interpolation_duration: 1}
$data merge entity $(bone_jacket) {transformation: [-0.9868f,0.0611f,0.1499f,-0.0167f,0.0414f,0.9905f,-0.1312f,0.534f,-0.1565f,-0.1233f,-0.9799f,-0.1186f,0f,0f,0f,1f],start_interpolation: 0,interpolation_duration: 1}