# This file was generated by Animated Java via MC-Build. It is not recommended to edit this file directly.
$data merge entity $(bone_rightleg) {transformation: [-0.9707f,0.0267f,0.2388f,-0.2614f,0.0955f,0.9548f,0.2815f,0.0626f,-0.2205f,0.2961f,-0.9294f,0.1452f,0f,0f,0f,1f],start_interpolation: 0,interpolation_duration: 1}
$data merge entity $(bone_leftleg) {transformation: [-0.9831f,-0.0113f,0.1829f,0.0016f,-0.016f,0.9996f,-0.0247f,0.5228f,-0.1826f,-0.0272f,-0.9828f,-0.1384f,0f,0f,0f,1f],start_interpolation: 0,interpolation_duration: 1}
$data merge entity $(bone_bottom) {transformation: [-0.9979f,0.061f,-0.0221f,0.002f,0.0641f,0.9787f,-0.1951f,0.5525f,0.0097f,-0.1961f,-0.9805f,-0.138f,0f,0f,0f,1f],start_interpolation: 0,interpolation_duration: 1}
$data merge entity $(bone_cape) {transformation: [-1f,0f,0f,-0.0312f,0f,0.8327f,-0.5537f,0.333f,0f,-0.5537f,-0.8327f,-0.0038f,0f,0f,0f,1f],start_interpolation: 0,interpolation_duration: 1}
$data merge entity $(bone_hat) {transformation: [-0.9955f,-0.0865f,-0.04f,-0.0384f,-0.0534f,0.8541f,-0.5173f,0.6861f,0.0788f,-0.5128f,-0.8549f,-0.4887f,0f,0f,0f,1f],start_interpolation: 0,interpolation_duration: 1}
$data merge entity $(bone_head_hat) {transformation: [-0.9992f,0.0006f,-0.04f,-0.0344f,0.0212f,0.8555f,-0.5173f,0.4719f,0.0339f,-0.5177f,-0.8549f,-0.2361f,0f,0f,0f,1f],start_interpolation: 0,interpolation_duration: 1}
$data merge entity $(bone_rightarm) {transformation: [-0.997f,0.07f,-0.0317f,-0.2205f,0.0766f,0.9414f,-0.3286f,0.5173f,0.0068f,-0.33f,-0.944f,-0.151f,0f,0f,0f,1f],start_interpolation: 0,interpolation_duration: 1}
$data merge entity $(bone_leftarm) {transformation: [-0.8338f,-0.1437f,0.5329f,0.1767f,-0.5518f,0.1904f,-0.812f,0.4745f,0.0152f,-0.9711f,-0.2381f,-0.2409f,0f,0f,0f,1f],start_interpolation: 0,interpolation_duration: 1}
$data merge entity $(bone_staff) {transformation: [0.4219f,-0.7281f,-0.9202f,0.3278f,-0.1541f,0.935f,-0.8105f,0.745f,1.1632f,0.3879f,0.2264f,0.096f,0f,0f,0f,1f],start_interpolation: 0,interpolation_duration: 1}
$data merge entity $(bone_jacket) {transformation: [-0.9925f,0.0956f,0.0768f,-0.0164f,0.0708f,0.9581f,-0.2777f,0.54f,-0.1001f,-0.2701f,-0.9576f,-0.1815f,0f,0f,0f,1f],start_interpolation: 0,interpolation_duration: 1}