# This file was generated by Animated Java via MC-Build. It is not recommended to edit this file directly.
$data merge entity $(bone_rightleg) {transformation: [-0.9723f,0.0418f,0.23f,-0.2514f,0.1304f,0.9136f,0.3852f,0.0593f,-0.194f,0.4045f,-0.8937f,0.1327f,0f,0f,0f,1f],start_interpolation: 0,interpolation_duration: 1}
$data merge entity $(bone_leftleg) {transformation: [-0.9833f,-0.0176f,0.1812f,0.0009f,-0.0245f,0.9991f,-0.0355f,0.5225f,-0.1804f,-0.0393f,-0.9828f,-0.1448f,0f,0f,0f,1f],start_interpolation: 0,interpolation_duration: 1}
$data merge entity $(bone_bottom) {transformation: [-0.9939f,0.0965f,-0.053f,0.0022f,0.1086f,0.9397f,-0.3243f,0.5614f,0.0185f,-0.3281f,-0.9445f,-0.2108f,0f,0f,0f,1f],start_interpolation: 0,interpolation_duration: 1}
$data merge entity $(bone_cape) {transformation: [-1f,0f,0f,-0.0312f,0f,0.7822f,-0.623f,0.3226f,0f,-0.623f,-0.7822f,-0.0331f,0f,0f,0f,1f],start_interpolation: 0,interpolation_duration: 1}
$data merge entity $(bone_hat) {transformation: [-0.985f,-0.0812f,-0.1523f,-0.0559f,0.0476f,0.7202f,-0.6921f,0.6093f,0.1659f,-0.689f,-0.7055f,-0.5767f,0f,0f,0f,1f],start_interpolation: 0,interpolation_duration: 1}
$data merge entity $(bone_head_hat) {transformation: [-0.9883f,0.0049f,-0.1523f,-0.0414f,0.1102f,0.7133f,-0.6921f,0.4582f,0.1052f,-0.7008f,-0.7055f,-0.2823f,0f,0f,0f,1f],start_interpolation: 0,interpolation_duration: 1}
$data merge entity $(bone_rightarm) {transformation: [-0.9835f,0.1446f,-0.1083f,-0.2192f,0.1799f,0.8369f,-0.517f,0.5155f,0.0158f,-0.528f,-0.8491f,-0.187f,0f,0f,0f,1f],start_interpolation: 0,interpolation_duration: 1}
$data merge entity $(bone_leftarm) {transformation: [-0.7117f,-0.3238f,0.6235f,0.1754f,-0.6339f,-0.0865f,-0.7685f,0.4656f,0.3028f,-0.9422f,-0.1437f,-0.2539f,0f,0f,0f,1f],start_interpolation: 0,interpolation_duration: 1}
$data merge entity $(bone_staff) {transformation: [0.332f,-0.7592f,-0.9318f,0.3362f,-0.0695f,0.953f,-0.8012f,0.8759f,1.1999f,0.2652f,0.2115f,-0.0015f,0f,0f,0f,1f],start_interpolation: 0,interpolation_duration: 1}
$data merge entity $(bone_jacket) {transformation: [-0.9937f,0.1121f,-0.0045f,-0.0159f,0.1039f,0.9044f,-0.4137f,0.538f,-0.0423f,-0.4116f,-0.9104f,-0.242f,0f,0f,0f,1f],start_interpolation: 0,interpolation_duration: 1}