# This file was generated by Animated Java via MC-Build. It is not recommended to edit this file directly.
$data merge entity $(bone_rightleg) {transformation: [-0.972f,0.05f,0.2296f,-0.2451f,0.154f,0.8735f,0.4617f,0.0589f,-0.1774f,0.4842f,-0.8568f,0.1202f,0f,0f,0f,1f],start_interpolation: 0,interpolation_duration: 1}
$data merge entity $(bone_leftleg) {transformation: [-0.9837f,-0.0229f,0.1784f,0f,-0.0319f,0.9984f,-0.0476f,0.522f,-0.177f,-0.0525f,-0.9828f,-0.1497f,0f,0f,0f,1f],start_interpolation: 0,interpolation_duration: 1}
$data merge entity $(bone_bottom) {transformation: [-0.9873f,0.1234f,-0.0999f,0f,0.1555f,0.879f,-0.4508f,0.5439f,0.0322f,-0.4606f,-0.887f,-0.2747f,0f,0f,0f,1f],start_interpolation: 0,interpolation_duration: 1}
$data merge entity $(bone_cape) {transformation: [-1f,0f,0f,-0.0312f,0f,0.7258f,-0.6879f,0.3122f,0f,-0.6879f,-0.7258f,-0.0631f,0f,0f,0f,1f],start_interpolation: 0,interpolation_duration: 1}
$data merge entity $(bone_hat) {transformation: [-0.9618f,-0.0879f,-0.2592f,-0.0753f,0.1471f,0.6327f,-0.7603f,0.5577f,0.2308f,-0.7694f,-0.5956f,-0.6313f,0f,0f,0f,1f],start_interpolation: 0,interpolation_duration: 1}
$data merge entity $(bone_head_hat) {transformation: [-0.9658f,-0.0037f,-0.2592f,-0.0469f,0.2017f,0.6175f,-0.7603f,0.4439f,0.1629f,-0.7866f,-0.5956f,-0.3216f,0f,0f,0f,1f],start_interpolation: 0,interpolation_duration: 1}
$data merge entity $(bone_rightarm) {transformation: [-0.9659f,0.1664f,-0.1983f,-0.2205f,0.2578f,0.6853f,-0.6811f,0.5015f,0.0226f,-0.709f,-0.7048f,-0.2188f,0f,0f,0f,1f],start_interpolation: 0,interpolation_duration: 1}
$data merge entity $(bone_leftarm) {transformation: [-0.5944f,-0.404f,0.6954f,0.1736f,-0.6444f,-0.2781f,-0.7123f,0.4546f,0.4811f,-0.8715f,-0.0951f,-0.2656f,0f,0f,0f,1f],start_interpolation: 0,interpolation_duration: 1}
$data merge entity $(bone_staff) {transformation: [0.3333f,-0.6696f,-0.9977f,0.375f,-0.0284f,1.0307f,-0.7013f,0.9063f,1.2012f,0.2102f,0.2602f,-0.1406f,0f,0f,0f,1f],start_interpolation: 0,interpolation_duration: 1}
$data merge entity $(bone_jacket) {transformation: [-0.9903f,0.1163f,-0.0764f,-0.0156f,0.1391f,0.8434f,-0.519f,0.522f,0.004f,-0.5246f,-0.8514f,-0.2904f,0f,0f,0f,1f],start_interpolation: 0,interpolation_duration: 1}