# This file was generated by Animated Java via MC-Build. It is not recommended to edit this file directly.
$data merge entity $(bone_rightleg) {transformation: [-0.9713f,0.0329f,0.2354f,-0.2451f,0.1572f,0.8317f,0.5325f,0.0592f,-0.1782f,0.5543f,-0.813f,0.1055f,0f,0f,0f,1f],start_interpolation: 0,interpolation_duration: 1}
$data merge entity $(bone_leftleg) {transformation: [-0.9842f,-0.0255f,0.1754f,-0.0095f,-0.0367f,0.9974f,-0.0612f,0.5206f,-0.1734f,-0.0667f,-0.9826f,-0.1557f,0f,0f,0f,1f],start_interpolation: 0,interpolation_duration: 1}
$data merge entity $(bone_bottom) {transformation: [-0.9788f,0.1355f,-0.1534f,-0.0047f,0.1985f,0.8106f,-0.5509f,0.4988f,0.0497f,-0.5697f,-0.8203f,-0.3187f,0f,0f,0f,1f],start_interpolation: 0,interpolation_duration: 1}
$data merge entity $(bone_cape) {transformation: [-1f,0f,0f,-0.0312f,0f,0.6661f,-0.7459f,0.3021f,0f,-0.7459f,-0.6661f,-0.0927f,0f,0f,0f,1f],start_interpolation: 0,interpolation_duration: 1}
$data merge entity $(bone_hat) {transformation: [-0.9283f,-0.05f,-0.3685f,-0.0798f,0.2502f,0.649f,-0.7185f,0.5452f,0.2751f,-0.7592f,-0.5899f,-0.6765f,0f,0f,0f,1f],start_interpolation: 0,interpolation_duration: 1}
$data merge entity $(bone_head_hat) {transformation: [-0.9291f,0.0311f,-0.3685f,-0.0507f,0.3059f,0.6247f,-0.7185f,0.4246f,0.2079f,-0.7803f,-0.5899f,-0.3694f,0f,0f,0f,1f],start_interpolation: 0,interpolation_duration: 1}
$data merge entity $(bone_rightarm) {transformation: [-0.9552f,0.121f,-0.2699f,-0.2242f,0.2943f,0.4803f,-0.8263f,0.4685f,0.0296f,-0.8687f,-0.4944f,-0.2478f,0f,0f,0f,1f],start_interpolation: 0,interpolation_duration: 1}
$data merge entity $(bone_leftarm) {transformation: [-0.5353f,-0.4532f,0.7128f,0.1641f,-0.6507f,-0.3168f,-0.6901f,0.4051f,0.5385f,-0.8332f,-0.1253f,-0.2971f,0f,0f,0f,1f],start_interpolation: 0,interpolation_duration: 1}
$data merge entity $(bone_staff) {transformation: [0.4259f,-0.4972f,-1.0613f,0.4056f,-0.0039f,1.1285f,-0.5303f,0.8683f,1.1719f,0.1844f,0.3839f,-0.2118f,0f,0f,0f,1f],start_interpolation: 0,interpolation_duration: 1}
$data merge entity $(bone_jacket) {transformation: [-0.9827f,0.12f,-0.141f,-0.0149f,0.1808f,0.7864f,-0.5906f,0.4868f,0.04f,-0.6059f,-0.7945f,-0.3259f,0f,0f,0f,1f],start_interpolation: 0,interpolation_duration: 1}