# This file was generated by Animated Java via MC-Build. It is not recommended to edit this file directly.
$data merge entity $(bone_rightleg) {transformation: [-0.9711f,-0.0056f,0.2387f,-0.2489f,0.1451f,0.7802f,0.6084f,0.0591f,-0.1896f,0.6255f,-0.7569f,0.0885f,0f,0f,0f,1f],start_interpolation: 0,interpolation_duration: 1}
$data merge entity $(bone_leftleg) {transformation: [-0.9847f,-0.0238f,0.1729f,-0.026f,-0.0375f,0.9964f,-0.0763f,0.5191f,-0.1704f,-0.0816f,-0.982f,-0.1527f,0f,0f,0f,1f],start_interpolation: 0,interpolation_duration: 1}
$data merge entity $(bone_bottom) {transformation: [-0.966f,0.1335f,-0.2213f,-0.0117f,0.248f,0.7198f,-0.6483f,0.431f,0.0728f,-0.6812f,-0.7285f,-0.3617f,0f,0f,0f,1f],start_interpolation: 0,interpolation_duration: 1}
$data merge entity $(bone_cape) {transformation: [-1f,0f,0f,-0.0312f,0f,0.6061f,-0.7954f,0.2927f,0f,-0.7954f,-0.6061f,-0.1205f,0f,0f,0f,1f],start_interpolation: 0,interpolation_duration: 1}
$data merge entity $(bone_hat) {transformation: [-0.88f,0.0542f,-0.4719f,-0.0603f,0.3599f,0.7242f,-0.5881f,0.5603f,0.3099f,-0.6874f,-0.6568f,-0.7069f,0f,0f,0f,1f],start_interpolation: 0,interpolation_duration: 1}
$data merge entity $(bone_head_hat) {transformation: [-0.8719f,0.1306f,-0.4719f,-0.0516f,0.4217f,0.6901f,-0.5881f,0.4055f,0.2488f,-0.7118f,-0.6568f,-0.4142f,0f,0f,0f,1f],start_interpolation: 0,interpolation_duration: 1}
$data merge entity $(bone_rightarm) {transformation: [-0.9519f,0.0272f,-0.3051f,-0.2292f,0.3039f,0.2085f,-0.9296f,0.42f,0.0383f,-0.9777f,-0.2067f,-0.277f,0f,0f,0f,1f],start_interpolation: 0,interpolation_duration: 1}
$data merge entity $(bone_leftarm) {transformation: [-0.5166f,-0.5152f,0.6839f,0.1501f,-0.6731f,-0.2492f,-0.6963f,0.3368f,0.5292f,-0.82f,-0.218f,-0.3257f,0f,0f,0f,1f],start_interpolation: 0,interpolation_duration: 1}
$data merge entity $(bone_staff) {transformation: [0.5798f,-0.2458f,-1.0762f,0.4455f,0.0397f,1.2195f,-0.2571f,0.804f,1.1032f,0.0853f,0.5748f,-0.2981f,0f,0f,0f,1f],start_interpolation: 0,interpolation_duration: 1}
$data merge entity $(bone_jacket) {transformation: [-0.9705f,0.1223f,-0.2079f,-0.0134f,0.2297f,0.7319f,-0.6416f,0.4363f,0.0736f,-0.6704f,-0.7384f,-0.355f,0f,0f,0f,1f],start_interpolation: 0,interpolation_duration: 1}