# This file was generated by Animated Java via MC-Build. It is not recommended to edit this file directly.
$data merge entity $(bone_rightleg) {transformation: [-0.9708f,-0.0394f,0.2365f,-0.2526f,0.1313f,0.7379f,0.662f,0.0619f,-0.2006f,0.6737f,-0.7112f,0.0726f,0f,0f,0f,1f],start_interpolation: 0,interpolation_duration: 1}
$data merge entity $(bone_leftleg) {transformation: [-0.9851f,-0.0164f,0.1712f,-0.0409f,-0.0327f,0.9951f,-0.0929f,0.5168f,-0.1689f,-0.0971f,-0.9808f,-0.1467f,0f,0f,0f,1f],start_interpolation: 0,interpolation_duration: 1}
$data merge entity $(bone_bottom) {transformation: [-0.95f,0.1128f,-0.2913f,-0.0195f,0.2968f,0.616f,-0.7297f,0.3544f,0.0972f,-0.7796f,-0.6187f,-0.4015f,0f,0f,0f,1f],start_interpolation: 0,interpolation_duration: 1}
$data merge entity $(bone_cape) {transformation: [-1f,0f,0f,-0.0312f,0f,0.5496f,-0.8354f,0.2844f,0f,-0.8354f,-0.5496f,-0.1454f,0f,0f,0f,1f],start_interpolation: 0,interpolation_duration: 1}
$data merge entity $(bone_hat) {transformation: [-0.8202f,0.2021f,-0.5351f,-0.0228f,0.4625f,0.7849f,-0.4124f,0.573f,0.3367f,-0.5858f,-0.7373f,-0.7241f,0f,0f,0f,1f],start_interpolation: 0,interpolation_duration: 1}
$data merge entity $(bone_head_hat) {transformation: [-0.7995f,0.2728f,-0.5351f,-0.0521f,0.5291f,0.7416f,-0.4124f,0.3835f,0.2843f,-0.6129f,-0.7373f,-0.454f,0f,0f,0f,1f],start_interpolation: 0,interpolation_duration: 1}
$data merge entity $(bone_rightarm) {transformation: [-0.9491f,-0.0774f,-0.3052f,-0.2355f,0.3117f,-0.0936f,-0.9456f,0.3661f,0.0447f,-0.9926f,0.113f,-0.3043f,0f,0f,0f,1f],start_interpolation: 0,interpolation_duration: 1}
$data merge entity $(bone_leftarm) {transformation: [-0.5266f,-0.5742f,0.6269f,0.1346f,-0.694f,-0.1354f,-0.7071f,0.2619f,0.4909f,-0.8074f,-0.3272f,-0.3511f,0f,0f,0f,1f],start_interpolation: 0,interpolation_duration: 1}
$data merge entity $(bone_staff) {transformation: [0.7551f,0.0133f,-0.9922f,0.4916f,0.1085f,1.2382f,0.0992f,0.7208f,0.9864f,-0.1464f,0.7486f,-0.3938f,0f,0f,0f,1f],start_interpolation: 0,interpolation_duration: 1}
$data merge entity $(bone_jacket) {transformation: [-0.9549f,0.1187f,-0.2723f,-0.0122f,0.2784f,0.6772f,-0.6811f,0.3784f,0.1036f,-0.7262f,-0.6797f,-0.3789f,0f,0f,0f,1f],start_interpolation: 0,interpolation_duration: 1}