# This file was generated by Animated Java via MC-Build. It is not recommended to edit this file directly.
$data merge entity $(bone_rightleg) {transformation: [-0.9711f,-0.0428f,0.2347f,-0.2526f,0.1297f,0.7309f,0.67f,0.0712f,-0.2002f,0.6811f,-0.7042f,0.0612f,0f,0f,0f,1f],start_interpolation: 0,interpolation_duration: 1}
$data merge entity $(bone_leftleg) {transformation: [-0.9853f,-0.0014f,0.1709f,-0.0455f,-0.0207f,0.9936f,-0.1109f,0.5128f,-0.1697f,-0.1128f,-0.979f,-0.1437f,0f,0f,0f,1f],start_interpolation: 0,interpolation_duration: 1}
$data merge entity $(bone_bottom) {transformation: [-0.9335f,0.0769f,-0.3503f,-0.0265f,0.3384f,0.5125f,-0.7892f,0.2832f,0.1188f,-0.8552f,-0.5044f,-0.4357f,0f,0f,0f,1f],start_interpolation: 0,interpolation_duration: 1}
$data merge entity $(bone_cape) {transformation: [-1f,0f,0f,-0.0312f,0f,0.5002f,-0.8659f,0.2774f,0f,-0.8659f,-0.5002f,-0.1659f,0f,0f,0f,1f],start_interpolation: 0,interpolation_duration: 1}
$data merge entity $(bone_hat) {transformation: [-0.7575f,0.3376f,-0.5587f,0.0126f,0.5457f,0.7972f,-0.2583f,0.5629f,0.3582f,-0.5005f,-0.7881f,-0.7357f,0f,0f,0f,1f],start_interpolation: 0,interpolation_duration: 1}
$data merge entity $(bone_head_hat) {transformation: [-0.7252f,0.4024f,-0.5587f,-0.0549f,0.6131f,0.7466f,-0.2583f,0.3556f,0.3132f,-0.5299f,-0.7881f,-0.4864f,0f,0f,0f,1f],start_interpolation: 0,interpolation_duration: 1}
$data merge entity $(bone_rightarm) {transformation: [-0.9384f,-0.177f,-0.2967f,-0.243f,0.3426f,-0.3659f,-0.8653f,0.317f,0.0446f,-0.9137f,0.4039f,-0.3273f,0f,0f,0f,1f],start_interpolation: 0,interpolation_duration: 1}
$data merge entity $(bone_leftarm) {transformation: [-0.556f,-0.6105f,0.564f,0.1206f,-0.6912f,-0.0372f,-0.7217f,0.1929f,0.4616f,-0.7912f,-0.4013f,-0.3729f,0f,0f,0f,1f],start_interpolation: 0,interpolation_duration: 1}
$data merge entity $(bone_staff) {transformation: [0.9138f,0.1968f,-0.8253f,0.5411f,0.1941f,1.1323f,0.4849f,0.6259f,0.8259f,-0.4838f,0.7991f,-0.4936f,0f,0f,0f,1f],start_interpolation: 0,interpolation_duration: 1}
$data merge entity $(bone_jacket) {transformation: [-0.9387f,0.1039f,-0.3287f,-0.0126f,0.32f,0.6174f,-0.7186f,0.321f,0.1283f,-0.7798f,-0.6128f,-0.3986f,0f,0f,0f,1f],start_interpolation: 0,interpolation_duration: 1}