# This file was generated by Animated Java via MC-Build. It is not recommended to edit this file directly.
$data merge entity $(bone_rightleg) {transformation: [-0.9992f,-0.0022f,0.0411f,-0.1974f,-0.0025f,1f,-0.0081f,0.0748f,-0.0411f,-0.0082f,-0.9991f,0.2367f,0f,0f,0f,1f],start_interpolation: 0,interpolation_duration: 1}
$data merge entity $(bone_leftleg) {transformation: [-0.9996f,-0.0001f,0.0265f,0.0002f,0f,1f,0.0021f,0.5221f,-0.0265f,0.0021f,-0.9996f,-0.0361f,0f,0f,0f,1f],start_interpolation: 0,interpolation_duration: 1}
$data merge entity $(bone_bottom) {transformation: [-1f,-0.0021f,0.0004f,0f,-0.0021f,1f,0.0065f,0.5217f,-0.0004f,0.0065f,-1f,-0.0213f,0f,0f,0f,1f],start_interpolation: 0,interpolation_duration: 1}
$data merge entity $(bone_cape) {transformation: [-1f,0f,0f,-0.0313f,0f,0.9993f,-0.0376f,0.4068f,0f,-0.0376f,-0.9993f,0.0501f,0f,0f,0f,1f],start_interpolation: 0,interpolation_duration: 1}
$data merge entity $(bone_hat) {transformation: [-0.964f,-0.2654f,0.0176f,-0.0537f,-0.2646f,0.9635f,0.0406f,0.8368f,-0.0277f,0.0345f,-0.999f,-0.1114f,0f,0f,0f,1f],start_interpolation: 0,interpolation_duration: 1}
$data merge entity $(bone_head_hat) {transformation: [-0.9834f,-0.1804f,0.0176f,0.0011f,-0.1796f,0.9829f,0.0406f,0.5239f,-0.0246f,0.0367f,-0.999f,-0.0178f,0f,0f,0f,1f],start_interpolation: 0,interpolation_duration: 1}
$data merge entity $(bone_rightarm) {transformation: [-0.9994f,-0.0318f,0.0105f,-0.1807f,-0.0334f,0.9727f,-0.2297f,0.5015f,-0.0029f,-0.2299f,-0.9732f,-0.06f,0f,0f,0f,1f],start_interpolation: 0,interpolation_duration: 1}
$data merge entity $(bone_leftarm) {transformation: [-0.992f,0.0577f,0.1126f,0.1741f,-0.0141f,0.8339f,-0.5517f,0.4996f,-0.1258f,-0.5488f,-0.8264f,-0.08f,0f,0f,0f,1f],start_interpolation: 0,interpolation_duration: 1}
$data merge entity $(bone_staff) {transformation: [0.6235f,-0.149f,-1.0695f,0.3899f,-0.5399f,1.0265f,-0.4577f,0.4529f,0.9352f,0.692f,0.4488f,0.1171f,0f,0f,0f,1f],start_interpolation: 0,interpolation_duration: 1}
$data merge entity $(bone_jacket) {transformation: [-0.9993f,-0.0031f,0.0366f,-0.0024f,-0.0022f,0.9997f,0.0236f,0.522f,-0.0367f,0.0235f,-0.9991f,-0.0205f,0f,0f,0f,1f],start_interpolation: 0,interpolation_duration: 1}