# This file was generated by Animated Java via MC-Build. It is not recommended to edit this file directly.
$data merge entity $(bone_rightleg) {transformation: [-0.972f,0.0094f,0.2348f,-0.2451f,0.154f,0.7801f,0.6064f,0.0902f,-0.1774f,0.6256f,-0.7597f,0.0577f,0f,0f,0f,1f],start_interpolation: 0,interpolation_duration: 1}
$data merge entity $(bone_leftleg) {transformation: [-0.9848f,0.0227f,0.1722f,-0.0312f,0f,0.9914f,-0.1305f,0.5064f,-0.1736f,-0.1285f,-0.9764f,-0.1497f,0f,0f,0f,1f],start_interpolation: 0,interpolation_duration: 1}
$data merge entity $(bone_bottom) {transformation: [-0.9206f,0.0371f,-0.3887f,-0.0312f,0.3669f,0.4229f,-0.8286f,0.2314f,0.1337f,-0.9054f,-0.4029f,-0.4622f,0f,0f,0f,1f],start_interpolation: 0,interpolation_duration: 1}
$data merge entity $(bone_cape) {transformation: [-1f,0f,0f,-0.0312f,0f,0.4617f,-0.887f,0.272f,0f,-0.887f,-0.4617f,-0.181f,0f,0f,0f,1f],start_interpolation: 0,interpolation_duration: 1}
$data merge entity $(bone_hat) {transformation: [-0.705f,0.3977f,-0.5872f,0.0194f,0.5999f,0.7761f,-0.1946f,0.5248f,0.3783f,-0.4895f,-0.7857f,-0.7553f,0f,0f,0f,1f],start_interpolation: 0,interpolation_duration: 1}
$data merge entity $(bone_head_hat) {transformation: [-0.6677f,0.4576f,-0.5872f,-0.0625f,0.6652f,0.7208f,-0.1946f,0.3189f,0.3342f,-0.5206f,-0.7857f,-0.5091f,0f,0f,0f,1f],start_interpolation: 0,interpolation_duration: 1}
$data merge entity $(bone_rightarm) {transformation: [-0.9071f,-0.2847f,-0.3101f,-0.2517f,0.4196f,-0.5517f,-0.7208f,0.2828f,0.0341f,-0.7839f,0.6199f,-0.3438f,0f,0f,0f,1f],start_interpolation: 0,interpolation_duration: 1}
$data merge entity $(bone_leftarm) {transformation: [-0.5944f,-0.6175f,0.5152f,0.1111f,-0.6444f,-0.0177f,-0.7645f,0.1421f,0.4811f,-0.7864f,-0.3874f,-0.3906f,0f,0f,0f,1f],start_interpolation: 0,interpolation_duration: 1}
$data merge entity $(bone_staff) {transformation: [1.0311f,0.2705f,-0.647f,0.5908f,0.2781f,0.8984f,0.8188f,0.5265f,0.6437f,-0.8213f,0.6825f,-0.5919f,0f,0f,0f,1f],start_interpolation: 0,interpolation_duration: 1}
$data merge entity $(bone_jacket) {transformation: [-0.9259f,0.0731f,-0.3706f,-0.0156f,0.3483f,0.545f,-0.7626f,0.272f,0.1462f,-0.8352f,-0.5301f,-0.4154f,0f,0f,0f,1f],start_interpolation: 0,interpolation_duration: 1}