# This file was generated by Animated Java via MC-Build. It is not recommended to edit this file directly.
$data merge entity $(bone_rightleg) {transformation: [-0.9586f,0.2524f,0.132f,-0.2081f,0.2774f,0.9324f,0.2316f,0.1544f,-0.0646f,0.2586f,-0.9638f,0.0774f,0f,0f,0f,1f],start_interpolation: 0,interpolation_duration: 1}
$data merge entity $(bone_leftleg) {transformation: [-0.9665f,0.1882f,0.1743f,0.0544f,0.1496f,0.9655f,-0.2129f,0.4896f,-0.2084f,-0.1797f,-0.9614f,-0.1833f,0f,0f,0f,1f],start_interpolation: 0,interpolation_duration: 1}
$data merge entity $(bone_bottom) {transformation: [-0.9102f,-0.0181f,-0.4137f,-0.0336f,0.3889f,0.3055f,-0.8691f,0.1897f,0.1421f,-0.952f,-0.2711f,-0.4854f,0f,0f,0f,1f],start_interpolation: 0,interpolation_duration: 1}
$data merge entity $(bone_hat) {transformation: [-0.6602f,0.254f,-0.7068f,-0.0683f,0.6315f,0.6971f,-0.3394f,0.3867f,0.4065f,-0.6705f,-0.6206f,-0.8046f,0f,0f,0f,1f],start_interpolation: 0,interpolation_duration: 1}
$data merge entity $(bone_head_hat) {transformation: [-0.6356f,0.3105f,-0.7068f,-0.0914f,0.6899f,0.6394f,-0.3394f,0.2217f,0.3466f,-0.7034f,-0.6206f,-0.5184f,0f,0f,0f,1f],start_interpolation: 0,interpolation_duration: 1}
$data merge entity $(bone_rightarm) {transformation: [-0.7399f,-0.5546f,-0.3807f,-0.2731f,0.6724f,-0.6265f,-0.3942f,0.2608f,-0.0199f,-0.5476f,0.8365f,-0.353f,0f,0f,0f,1f],start_interpolation: 0,interpolation_duration: 1}
$data merge entity $(bone_leftarm) {transformation: [-0.6505f,-0.612f,0.4497f,0.1065f,-0.4096f,-0.216f,-0.8863f,0.0993f,0.6396f,-0.7608f,-0.1102f,-0.4091f,0f,0f,0f,1f],start_interpolation: 0,interpolation_duration: 1}
$data merge entity $(bone_staff) {transformation: [1.1016f,0.2695f,-0.5183f,0.6378f,0.3412f,0.6011f,1.0378f,0.4301f,0.4742f,-1.0587f,0.4573f,-0.6831f,0f,0f,0f,1f],start_interpolation: 0,interpolation_duration: 1}
$data merge entity $(bone_jacket) {transformation: [-0.9157f,-0.0127f,-0.4017f,-0.0295f,0.3703f,0.3616f,-0.8556f,0.2026f,0.1561f,-0.9322f,-0.3264f,-0.4339f,0f,0f,0f,1f],start_interpolation: 0,interpolation_duration: 1}