# This file was generated by Animated Java via MC-Build. It is not recommended to edit this file directly.
$data merge entity $(bone_rightleg) {transformation: [-0.8954f,0.3819f,-0.2291f,-0.1572f,0.4358f,0.8572f,-0.2744f,0.2395f,0.0916f,-0.3455f,-0.9339f,0.1127f,0f,0f,0f,1f],start_interpolation: 0,interpolation_duration: 1}
$data merge entity $(bone_leftleg) {transformation: [-0.9032f,0.404f,0.145f,0.1765f,0.3448f,0.884f,-0.3156f,0.4676f,-0.2557f,-0.2351f,-0.9377f,-0.2307f,0f,0f,0f,1f],start_interpolation: 0,interpolation_duration: 1}
$data merge entity $(bone_bottom) {transformation: [-0.9107f,-0.0571f,-0.4092f,-0.0324f,0.3889f,0.2157f,-0.8957f,0.1758f,0.1394f,-0.9748f,-0.1743f,-0.4912f,0f,0f,0f,1f],start_interpolation: 0,interpolation_duration: 1}
$data merge entity $(bone_hat) {transformation: [-0.6492f,-0.0569f,-0.7584f,-0.2089f,0.6361f,0.5061f,-0.5825f,0.1849f,0.417f,-0.8606f,-0.2923f,-0.8165f,0f,0f,0f,1f],start_interpolation: 0,interpolation_duration: 1}
$data merge entity $(bone_head_hat) {transformation: [-0.6517f,-0.0001f,-0.7584f,-0.1291f,0.6778f,0.4487f,-0.5825f,0.1054f,0.3404f,-0.8937f,-0.2923f,-0.5051f,0f,0f,0f,1f],start_interpolation: 0,interpolation_duration: 1}
$data merge entity $(bone_rightarm) {transformation: [-0.4212f,-0.8412f,-0.3391f,-0.298f,0.9019f,-0.4278f,-0.0592f,0.2613f,-0.0953f,-0.3308f,0.9389f,-0.3484f,0f,0f,0f,1f],start_interpolation: 0,interpolation_duration: 1}
$data merge entity $(bone_leftarm) {transformation: [-0.5639f,-0.6925f,0.45f,0.1088f,-0.1138f,-0.4746f,-0.8728f,0.0843f,0.818f,-0.5434f,0.1888f,-0.4172f,0f,0f,0f,1f],start_interpolation: 0,interpolation_duration: 1}
$data merge entity $(bone_staff) {transformation: [1.1363f,0.2548f,-0.4458f,0.6792f,0.3708f,0.3419f,1.1404f,0.3438f,0.3553f,-1.1718f,0.2357f,-0.7618f,0f,0f,0f,1f],start_interpolation: 0,interpolation_duration: 1}
$data merge entity $(bone_jacket) {transformation: [-0.9165f,-0.1068f,-0.3854f,-0.0486f,0.3706f,0.1355f,-0.9188f,0.1418f,0.1503f,-0.985f,-0.0846f,-0.442f,0f,0f,0f,1f],start_interpolation: 0,interpolation_duration: 1}