# This file was generated by Animated Java via MC-Build. It is not recommended to edit this file directly.
$data merge entity $(bone_rightleg) {transformation: [-0.8202f,0.235f,-0.5216f,-0.1201f,0.5344f,0.6399f,-0.5522f,0.3089f,0.204f,-0.7317f,-0.6504f,0.1358f,0f,0f,0f,1f],start_interpolation: 0,interpolation_duration: 1}
$data merge entity $(bone_leftleg) {transformation: [-0.8315f,0.5497f,0.081f,0.2656f,0.4741f,0.7779f,-0.4125f,0.4439f,-0.2897f,-0.3046f,-0.9074f,-0.2747f,0f,0f,0f,1f],start_interpolation: 0,interpolation_duration: 1}
$data merge entity $(bone_bottom) {transformation: [-0.9206f,-0.0815f,-0.3818f,-0.0312f,0.3669f,0.1542f,-0.9174f,0.1689f,0.1337f,-0.9847f,-0.112f,-0.4935f,0f,0f,0f,1f],start_interpolation: 0,interpolation_duration: 1}
$data merge entity $(bone_hat) {transformation: [-0.6461f,-0.2759f,-0.7117f,-0.2998f,0.6406f,0.311f,-0.7021f,0.0279f,0.4151f,-0.9095f,-0.0242f,-0.7919f,0f,0f,0f,1f],start_interpolation: 0,interpolation_duration: 1}
$data merge entity $(bone_head_hat) {transformation: [-0.6677f,-0.2185f,-0.7117f,-0.1562f,0.6652f,0.254f,-0.7021f,0.022f,0.3342f,-0.9422f,-0.0242f,-0.4935f,0f,0f,0f,1f],start_interpolation: 0,interpolation_duration: 1}
$data merge entity $(bone_rightarm) {transformation: [-0.1354f,-0.971f,-0.1972f,-0.3142f,0.9798f,-0.1609f,0.1191f,0.2671f,-0.1474f,-0.177f,0.9731f,-0.3438f,0f,0f,0f,1f],start_interpolation: 0,interpolation_duration: 1}
$data merge entity $(bone_leftarm) {transformation: [-0.4078f,-0.7527f,0.5168f,0.1111f,0.0264f,-0.5755f,-0.8174f,0.0796f,0.9127f,-0.3196f,0.2546f,-0.4219f,0f,0f,0f,1f],start_interpolation: 0,interpolation_duration: 1}
$data merge entity $(bone_staff) {transformation: [1.1566f,0.2582f,-0.3879f,0.7119f,0.3581f,0.1718f,1.182f,0.275f,0.2982f,-1.2077f,0.0852f,-0.8225f,0f,0f,0f,1f],start_interpolation: 0,interpolation_duration: 1}
$data merge entity $(bone_jacket) {transformation: [-0.9259f,-0.1676f,-0.3386f,-0.0625f,0.3483f,-0.0319f,-0.9368f,0.1001f,0.1462f,-0.9853f,0.0879f,-0.4466f,0f,0f,0f,1f],start_interpolation: 0,interpolation_duration: 1}
execute on vehicle unless entity @s[tag=aj.transforms_only] run function animated_java:glacial_wraith/variants/death/apply