# This file was generated by Animated Java via MC-Build. It is not recommended to edit this file directly.
$data merge entity $(bone_rightleg) {transformation: [-0.8061f,0.1702f,-0.5668f,-0.1137f,0.5486f,0.5741f,-0.6079f,0.3279f,0.2219f,-0.8009f,-0.5561f,0.1365f,0f,0f,0f,1f],start_interpolation: 0,interpolation_duration: 1}
$data merge entity $(bone_leftleg) {transformation: [-0.8164f,0.5752f,0.0514f,0.2809f,0.495f,0.7428f,-0.4508f,0.4331f,-0.2975f,-0.3426f,-0.8912f,-0.2905f,0f,0f,0f,1f],start_interpolation: 0,interpolation_duration: 1}
$data merge entity $(bone_bottom) {transformation: [-0.9235f,-0.0844f,-0.3743f,-0.0312f,0.36f,0.1467f,-0.9213f,0.1689f,0.1327f,-0.9856f,-0.1051f,-0.4935f,0f,0f,0f,1f],start_interpolation: 0,interpolation_duration: 1}
$data merge entity $(bone_hat) {transformation: [-0.6425f,-0.3015f,-0.7045f,-0.3072f,0.6439f,0.2859f,-0.7097f,0.0191f,0.4153f,-0.9096f,0.0105f,-0.7883f,0f,0f,0f,1f],start_interpolation: 0,interpolation_duration: 1}
$data merge entity $(bone_head_hat) {transformation: [-0.6664f,-0.2443f,-0.7045f,-0.1562f,0.6664f,0.2287f,-0.7097f,0.022f,0.3345f,-0.9423f,0.0105f,-0.4935f,0f,0f,0f,1f],start_interpolation: 0,interpolation_duration: 1}
$data merge entity $(bone_rightarm) {transformation: [-0.0747f,-0.9846f,-0.1579f,-0.3155f,0.9853f,-0.0972f,0.1403f,0.2707f,-0.1535f,-0.1451f,0.9774f,-0.3438f,0f,0f,0f,1f],start_interpolation: 0,interpolation_duration: 1}
$data merge entity $(bone_leftarm) {transformation: [-0.378f,-0.7627f,0.5248f,0.1111f,0.0407f,-0.58f,-0.8136f,0.0792f,0.9249f,-0.2861f,0.2503f,-0.4224f,0f,0f,0f,1f],start_interpolation: 0,interpolation_duration: 1}
$data merge entity $(bone_staff) {transformation: [1.1747f,0.2739f,-0.3159f,0.7666f,0.3079f,0.0707f,1.2063f,0.1421f,0.2829f,-1.2144f,-0.001f,-0.9071f,0f,0f,0f,1f],start_interpolation: 0,interpolation_duration: 1}
$data merge entity $(bone_jacket) {transformation: [-0.9284f,-0.1731f,-0.3287f,-0.0625f,0.3413f,-0.0479f,-0.9387f,0.1001f,0.1468f,-0.9837f,0.1035f,-0.4466f,0f,0f,0f,1f],start_interpolation: 0,interpolation_duration: 1}