# This file was generated by Animated Java via MC-Build. It is not recommended to edit this file directly.
$data merge entity $(bone_rightleg) {transformation: [-0.7993f,0.1034f,-0.592f,-0.1099f,0.5551f,0.5045f,-0.6613f,0.3468f,0.2303f,-0.8572f,-0.4606f,0.1335f,0f,0f,0f,1f],start_interpolation: 0,interpolation_duration: 1}
$data merge entity $(bone_leftleg) {transformation: [-0.8059f,0.5918f,0.0166f,0.2902f,0.5071f,0.7044f,-0.4966f,0.4192f,-0.3056f,-0.3918f,-0.8678f,-0.3092f,0f,0f,0f,1f],start_interpolation: 0,interpolation_duration: 1}
$data merge entity $(bone_bottom) {transformation: [-0.927f,-0.0865f,-0.365f,-0.0312f,0.3513f,0.141f,-0.9256f,0.1689f,0.1315f,-0.9862f,-0.1003f,-0.4935f,0f,0f,0f,1f],start_interpolation: 0,interpolation_duration: 1}
$data merge entity $(bone_hat) {transformation: [-0.639f,-0.3054f,-0.706f,-0.3086f,0.6471f,0.2829f,-0.708f,0.0183f,0.4159f,-0.9092f,0.0169f,-0.7875f,0f,0f,0f,1f],start_interpolation: 0,interpolation_duration: 1}
$data merge entity $(bone_head_hat) {transformation: [-0.6632f,-0.2486f,-0.706f,-0.1562f,0.6693f,0.2254f,-0.708f,0.022f,0.3351f,-0.942f,0.0169f,-0.4935f,0f,0f,0f,1f],start_interpolation: 0,interpolation_duration: 1}
$data merge entity $(bone_rightarm) {transformation: [-0.0301f,-0.9899f,-0.1386f,-0.314f,0.9877f,-0.0507f,0.1479f,0.2782f,-0.1534f,-0.1325f,0.9792f,-0.3438f,0f,0f,0f,1f],start_interpolation: 0,interpolation_duration: 1}
$data merge entity $(bone_leftarm) {transformation: [-0.3637f,-0.7694f,0.5252f,0.1111f,0.0466f,-0.5781f,-0.8147f,0.079f,0.9304f,-0.2718f,0.2461f,-0.4229f,0f,0f,0f,1f],start_interpolation: 0,interpolation_duration: 1}
$data merge entity $(bone_staff) {transformation: [1.1882f,0.2994f,-0.2309f,0.7952f,0.2328f,0.021f,1.2248f,0.0471f,0.2979f,-1.2103f,-0.0359f,-0.9287f,0f,0f,0f,1f],start_interpolation: 0,interpolation_duration: 1}
$data merge entity $(bone_jacket) {transformation: [-0.9316f,-0.1769f,-0.3176f,-0.0625f,0.3323f,-0.0601f,-0.9413f,0.1001f,0.1474f,-0.9824f,0.1147f,-0.4466f,0f,0f,0f,1f],start_interpolation: 0,interpolation_duration: 1}