# This file was generated by Animated Java via MC-Build. It is not recommended to edit this file directly.
$data merge entity $(bone_rightleg) {transformation: [-0.7984f,0.043f,-0.6006f,-0.1082f,0.5559f,0.436f,-0.7077f,0.3643f,0.2314f,-0.8989f,-0.372f,0.128f,0f,0f,0f,1f],start_interpolation: 0,interpolation_duration: 1}
$data merge entity $(bone_leftleg) {transformation: [-0.8f,0.5997f,-0.0202f,0.2942f,0.512f,0.6648f,-0.544f,0.4041f,-0.3128f,-0.4455f,-0.8389f,-0.3287f,0f,0f,0f,1f],start_interpolation: 0,interpolation_duration: 1}
$data merge entity $(bone_bottom) {transformation: [-0.9311f,-0.0878f,-0.3542f,-0.0312f,0.3409f,0.1368f,-0.9301f,0.1689f,0.1301f,-0.9867f,-0.0974f,-0.4935f,0f,0f,0f,1f],start_interpolation: 0,interpolation_duration: 1}
$data merge entity $(bone_hat) {transformation: [-0.636f,-0.2937f,-0.7136f,-0.3059f,0.6495f,0.2956f,-0.7006f,0.023f,0.4167f,-0.909f,0.0027f,-0.789f,0f,0f,0f,1f],start_interpolation: 0,interpolation_duration: 1}
$data merge entity $(bone_head_hat) {transformation: [-0.6592f,-0.2372f,-0.7136f,-0.1562f,0.6727f,0.2379f,-0.7006f,0.022f,0.3359f,-0.9419f,0.0027f,-0.4935f,0f,0f,0f,1f],start_interpolation: 0,interpolation_duration: 1}
$data merge entity $(bone_rightarm) {transformation: [-0.0001f,-0.9907f,-0.1359f,-0.3107f,0.9888f,-0.0203f,0.1477f,0.2878f,-0.1491f,-0.1343f,0.9797f,-0.3438f,0f,0f,0f,1f],start_interpolation: 0,interpolation_duration: 1}
$data merge entity $(bone_leftarm) {transformation: [-0.3618f,-0.7747f,0.5185f,0.1111f,0.0473f,-0.5708f,-0.8198f,0.0792f,0.9311f,-0.2721f,0.2431f,-0.4232f,0f,0f,0f,1f],start_interpolation: 0,interpolation_duration: 1}
$data merge entity $(bone_staff) {transformation: [1.1932f,0.3333f,-0.1411f,0.8125f,0.1458f,0.0025f,1.2384f,-0.0156f,0.3313f,-1.2016f,-0.0365f,-0.9375f,0f,0f,0f,1f],start_interpolation: 0,interpolation_duration: 1}
$data merge entity $(bone_jacket) {transformation: [-0.9352f,-0.1793f,-0.3055f,-0.0625f,0.3217f,-0.0688f,-0.9443f,0.1001f,0.1483f,-0.9814f,0.122f,-0.4466f,0f,0f,0f,1f],start_interpolation: 0,interpolation_duration: 1}