# This file was generated by Animated Java via MC-Build. It is not recommended to edit this file directly.
$data merge entity $(bone_rightleg) {transformation: [-0.8016f,-0.004f,-0.5978f,-0.1084f,0.5529f,0.3754f,-0.7439f,0.3792f,0.2274f,-0.9269f,-0.2987f,0.1212f,0f,0f,0f,1f],start_interpolation: 0,interpolation_duration: 1}
$data merge entity $(bone_leftleg) {transformation: [-0.7986f,0.5993f,-0.0551f,0.2939f,0.5111f,0.6271f,-0.5878f,0.3892f,-0.3178f,-0.4976f,-0.8071f,-0.347f,0f,0f,0f,1f],start_interpolation: 0,interpolation_duration: 1}
$data merge entity $(bone_bottom) {transformation: [-0.9355f,-0.0885f,-0.3421f,-0.0312f,0.3291f,0.134f,-0.9347f,0.1689f,0.1285f,-0.987f,-0.0962f,-0.4935f,0f,0f,0f,1f],start_interpolation: 0,interpolation_duration: 1}
$data merge entity $(bone_hat) {transformation: [-0.6343f,-0.2721f,-0.7236f,-0.3002f,0.6507f,0.3174f,-0.6898f,0.0309f,0.4174f,-0.9084f,-0.0243f,-0.7916f,0f,0f,0f,1f],start_interpolation: 0,interpolation_duration: 1}
$data merge entity $(bone_head_hat) {transformation: [-0.6556f,-0.2158f,-0.7236f,-0.1562f,0.6759f,0.2595f,-0.6898f,0.022f,0.3366f,-0.9413f,-0.0243f,-0.4935f,0f,0f,0f,1f],start_interpolation: 0,interpolation_duration: 1}
$data merge entity $(bone_rightarm) {transformation: [0.0171f,-0.9893f,-0.1451f,-0.3064f,0.9897f,-0.0039f,0.143f,0.2974f,-0.142f,-0.146f,0.979f,-0.3438f,0f,0f,0f,1f],start_interpolation: 0,interpolation_duration: 1}
$data merge entity $(bone_leftarm) {transformation: [-0.3687f,-0.7798f,0.5059f,0.1111f,0.0446f,-0.5585f,-0.8283f,0.0795f,0.9285f,-0.2828f,0.2407f,-0.4236f,0f,0f,0f,1f],start_interpolation: 0,interpolation_duration: 1}
$data merge entity $(bone_staff) {transformation: [1.189f,0.3714f,-0.0565f,0.8125f,0.0601f,-0.0029f,1.2455f,-0.0156f,0.3708f,-1.1903f,-0.0207f,-0.9375f,0f,0f,0f,1f],start_interpolation: 0,interpolation_duration: 1}
$data merge entity $(bone_jacket) {transformation: [-0.9391f,-0.1803f,-0.2926f,-0.0625f,0.3096f,-0.0745f,-0.9479f,0.1001f,0.1492f,-0.9808f,0.1258f,-0.4466f,0f,0f,0f,1f],start_interpolation: 0,interpolation_duration: 1}