# This file was generated by Animated Java via MC-Build. It is not recommended to edit this file directly.
$data merge entity $(bone_rightleg) {transformation: [-0.8073f,-0.0329f,-0.5893f,-0.1101f,0.5475f,0.3312f,-0.7685f,0.3903f,0.2205f,-0.943f,-0.2494f,0.1142f,0f,0f,0f,1f],start_interpolation: 0,interpolation_duration: 1}
$data merge entity $(bone_leftleg) {transformation: [-0.8014f,0.5921f,-0.0844f,0.2901f,0.5057f,0.5956f,-0.6241f,0.3763f,-0.3192f,-0.5429f,-0.7768f,-0.3622f,0f,0f,0f,1f],start_interpolation: 0,interpolation_duration: 1}
$data merge entity $(bone_bottom) {transformation: [-0.9402f,-0.0886f,-0.3289f,-0.0312f,0.3162f,0.1325f,-0.9394f,0.1689f,0.1268f,-0.9872f,-0.0966f,-0.4935f,0f,0f,0f,1f],start_interpolation: 0,interpolation_duration: 1}
$data merge entity $(bone_hat) {transformation: [-0.6345f,-0.2467f,-0.7325f,-0.2932f,0.6504f,0.3417f,-0.6784f,0.0397f,0.4177f,-0.9069f,-0.0563f,-0.7945f,0f,0f,0f,1f],start_interpolation: 0,interpolation_duration: 1}
$data merge entity $(bone_head_hat) {transformation: [-0.6536f,-0.1905f,-0.7325f,-0.1562f,0.6777f,0.2837f,-0.6784f,0.022f,0.337f,-0.9398f,-0.0563f,-0.4935f,0f,0f,0f,1f],start_interpolation: 0,interpolation_duration: 1}
$data merge entity $(bone_rightarm) {transformation: [0.0232f,-0.9867f,-0.161f,-0.3022f,0.9907f,0.0011f,0.1362f,0.3052f,-0.1342f,-0.1627f,0.9775f,-0.3438f,0f,0f,0f,1f],start_interpolation: 0,interpolation_duration: 1}
$data merge entity $(bone_leftarm) {transformation: [-0.3804f,-0.7854f,0.4883f,0.1111f,0.0397f,-0.5413f,-0.8399f,0.0801f,0.924f,-0.3001f,0.2371f,-0.4238f,0f,0f,0f,1f],start_interpolation: 0,interpolation_duration: 1}
$data merge entity $(bone_staff) {transformation: [1.1794f,0.4047f,0.0142f,0.8125f,-0.0115f,-0.0101f,1.2468f,-0.0156f,0.4047f,-1.1794f,-0.0058f,-0.9375f,0f,0f,0f,1f],start_interpolation: 0,interpolation_duration: 1}
$data merge entity $(bone_jacket) {transformation: [-0.9432f,-0.1804f,-0.279f,-0.0625f,0.2964f,-0.0775f,-0.9519f,0.1001f,0.1501f,-0.9805f,0.1265f,-0.4466f,0f,0f,0f,1f],start_interpolation: 0,interpolation_duration: 1}