# This file was generated by Animated Java via MC-Build. It is not recommended to edit this file directly.
$data merge entity $(bone_rightleg) {transformation: [-0.8134f,-0.0405f,-0.5803f,-0.1128f,0.5414f,0.3122f,-0.7806f,0.3961f,0.2128f,-0.9492f,-0.232f,0.1084f,0f,0f,0f,1f],start_interpolation: 0,interpolation_duration: 1}
$data merge entity $(bone_leftleg) {transformation: [-0.8081f,0.5795f,-0.105f,0.2836f,0.4971f,0.5754f,-0.6494f,0.367f,-0.3159f,-0.5771f,-0.7531f,-0.3721f,0f,0f,0f,1f],start_interpolation: 0,interpolation_duration: 1}
$data merge entity $(bone_bottom) {transformation: [-0.945f,-0.0883f,-0.3149f,-0.0312f,0.3023f,0.1321f,-0.944f,0.1689f,0.1249f,-0.9873f,-0.0982f,-0.4935f,0f,0f,0f,1f],start_interpolation: 0,interpolation_duration: 1}
$data merge entity $(bone_hat) {transformation: [-0.637f,-0.224f,-0.7376f,-0.2865f,0.6481f,0.3625f,-0.6698f,0.0472f,0.4174f,-0.9047f,-0.0858f,-0.7969f,0f,0f,0f,1f],start_interpolation: 0,interpolation_duration: 1}
$data merge entity $(bone_head_hat) {transformation: [-0.6541f,-0.1676f,-0.7376f,-0.1562f,0.6772f,0.3046f,-0.6698f,0.022f,0.3369f,-0.9376f,-0.0858f,-0.4935f,0f,0f,0f,1f],start_interpolation: 0,interpolation_duration: 1}
$data merge entity $(bone_rightarm) {transformation: [0.02f,-0.9837f,-0.1784f,-0.2989f,0.9917f,-0.0032f,0.1287f,0.3092f,-0.1272f,-0.1795f,0.9755f,-0.3438f,0f,0f,0f,1f],start_interpolation: 0,interpolation_duration: 1}
$data merge entity $(bone_leftarm) {transformation: [-0.3933f,-0.7922f,0.4666f,0.1111f,0.0338f,-0.5196f,-0.8537f,0.0809f,0.9188f,-0.32f,0.2311f,-0.424f,0f,0f,0f,1f],start_interpolation: 0,interpolation_duration: 1}
$data merge entity $(bone_staff) {transformation: [1.172f,0.4207f,0.0647f,0.8125f,-0.058f,-0.03f,1.2452f,-0.0156f,0.4217f,-1.1734f,-0.0087f,-0.9375f,0f,0f,0f,1f],start_interpolation: 0,interpolation_duration: 1}
$data merge entity $(bone_jacket) {transformation: [-0.9474f,-0.1798f,-0.2649f,-0.0625f,0.2822f,-0.078f,-0.9562f,0.1001f,0.1512f,-0.9806f,0.1246f,-0.4466f,0f,0f,0f,1f],start_interpolation: 0,interpolation_duration: 1}