# This file was generated by Animated Java via MC-Build. It is not recommended to edit this file directly.
$data merge entity $(bone_rightleg) {transformation: [-0.9975f,-0.0038f,0.0702f,-0.2078f,-0.0049f,0.9999f,-0.0159f,0.075f,-0.0701f,-0.0162f,-0.9974f,0.2311f,0f,0f,0f,1f],start_interpolation: 0,interpolation_duration: 1}
$data merge entity $(bone_leftleg) {transformation: [-0.999f,-0.0002f,0.045f,0.0005f,0f,1f,0.0041f,0.5223f,-0.045f,0.0041f,-0.999f,-0.0437f,0f,0f,0f,1f],start_interpolation: 0,interpolation_duration: 1}
$data merge entity $(bone_bottom) {transformation: [-1f,-0.0042f,0.0008f,0f,-0.0042f,0.9999f,0.013f,0.5214f,-0.0009f,0.013f,-0.9999f,-0.018f,0f,0f,0f,1f],start_interpolation: 0,interpolation_duration: 1}
$data merge entity $(bone_cape) {transformation: [-1f,0f,0f,-0.0313f,0f,0.9982f,-0.0605f,0.4031f,0f,-0.0605f,-0.9982f,0.0598f,0f,0f,0f,1f],start_interpolation: 0,interpolation_duration: 1}
$data merge entity $(bone_hat) {transformation: [-0.9616f,-0.2727f,0.0298f,-0.0538f,-0.27f,0.96f,0.0737f,0.8409f,-0.0487f,0.0628f,-0.9968f,-0.0957f,0f,0f,0f,1f],start_interpolation: 0,interpolation_duration: 1}
$data merge entity $(bone_head_hat) {transformation: [-0.9817f,-0.1879f,0.0298f,0.0021f,-0.1853f,0.9799f,0.0737f,0.5255f,-0.043f,0.0668f,-0.9968f,-0.0117f,0f,0f,0f,1f],start_interpolation: 0,interpolation_duration: 1}
$data merge entity $(bone_rightarm) {transformation: [-0.9983f,-0.0567f,0.0153f,-0.1857f,-0.0585f,0.9828f,-0.1754f,0.5015f,-0.0051f,-0.176f,-0.9844f,-0.0576f,0f,0f,0f,1f],start_interpolation: 0,interpolation_duration: 1}
$data merge entity $(bone_leftarm) {transformation: [-0.9758f,0.1105f,0.1885f,0.1746f,-0.0208f,0.8118f,-0.5835f,0.4994f,-0.2175f,-0.5733f,-0.7899f,-0.0914f,0f,0f,0f,1f],start_interpolation: 0,interpolation_duration: 1}
$data merge entity $(bone_staff) {transformation: [0.6235f,-0.246f,-1.0515f,0.3576f,-0.5399f,0.9804f,-0.5496f,0.4634f,0.9352f,0.7301f,0.3837f,0.1532f,0f,0f,0f,1f],start_interpolation: 0,interpolation_duration: 1}
$data merge entity $(bone_jacket) {transformation: [-0.998f,-0.0071f,0.063f,-0.004f,-0.0044f,0.9991f,0.0429f,0.522f,-0.0632f,0.0426f,-0.9971f,-0.0164f,0f,0f,0f,1f],start_interpolation: 0,interpolation_duration: 1}