# This file was generated by Animated Java via MC-Build. It is not recommended to edit this file directly.
$data merge entity $(bone_rightleg) {transformation: [-0.8182f,-0.0245f,-0.5744f,-0.1163f,0.5365f,0.3264f,-0.7782f,0.3954f,0.2065f,-0.9449f,-0.2539f,0.1048f,0f,0f,0f,1f],start_interpolation: 0,interpolation_duration: 1}
$data merge entity $(bone_leftleg) {transformation: [-0.8183f,0.5632f,-0.1146f,0.2751f,0.4862f,0.572f,-0.6607f,0.3629f,-0.3065f,-0.5964f,-0.7419f,-0.3749f,0f,0f,0f,1f],start_interpolation: 0,interpolation_duration: 1}
$data merge entity $(bone_bottom) {transformation: [-0.9498f,-0.0876f,-0.3003f,-0.0312f,0.2877f,0.1327f,-0.9485f,0.1689f,0.123f,-0.9873f,-0.1008f,-0.4935f,0f,0f,0f,1f],start_interpolation: 0,interpolation_duration: 1}
$data merge entity $(bone_hat) {transformation: [-0.6426f,-0.2106f,-0.7367f,-0.2821f,0.6432f,0.3742f,-0.668f,0.0511f,0.4164f,-0.9031f,-0.1049f,-0.7984f,0f,0f,0f,1f],start_interpolation: 0,interpolation_duration: 1}
$data merge entity $(bone_head_hat) {transformation: [-0.6585f,-0.1538f,-0.7367f,-0.1562f,0.6734f,0.3167f,-0.668f,0.022f,0.3361f,-0.936f,-0.1049f,-0.4935f,0f,0f,0f,1f],start_interpolation: 0,interpolation_duration: 1}
$data merge entity $(bone_rightarm) {transformation: [0.0091f,-0.9813f,-0.1922f,-0.2974f,0.9924f,-0.0147f,0.1224f,0.3076f,-0.1229f,-0.1918f,0.9737f,-0.3438f,0f,0f,0f,1f],start_interpolation: 0,interpolation_duration: 1}
$data merge entity $(bone_leftarm) {transformation: [-0.4036f,-0.8012f,0.4417f,0.1111f,0.0286f,-0.4936f,-0.8692f,0.0818f,0.9145f,-0.3381f,0.2222f,-0.4241f,0f,0f,0f,1f],start_interpolation: 0,interpolation_duration: 1}
$data merge entity $(bone_jacket) {transformation: [-0.9515f,-0.1785f,-0.2505f,-0.0625f,0.2673f,-0.0765f,-0.9606f,0.1001f,0.1523f,-0.981f,0.1206f,-0.4466f,0f,0f,0f,1f],start_interpolation: 0,interpolation_duration: 1}