# This file was generated by Animated Java via MC-Build. It is not recommended to edit this file directly.
$data merge entity $(bone_rightleg) {transformation: [-0.8202f,0.0175f,-0.5718f,-0.1201f,0.5344f,0.3798f,-0.7551f,0.3871f,0.204f,-0.9249f,-0.3209f,0.1046f,0f,0f,0f,1f],start_interpolation: 0,interpolation_duration: 1}
$data merge entity $(bone_leftleg) {transformation: [-0.8315f,0.5442f,-0.1119f,0.2656f,0.4741f,0.5899f,-0.6536f,0.3658f,-0.2897f,-0.5965f,-0.7485f,-0.3685f,0f,0f,0f,1f],start_interpolation: 0,interpolation_duration: 1}
$data merge entity $(bone_bottom) {transformation: [-0.9545f,-0.0868f,-0.2853f,-0.0312f,0.2726f,0.1341f,-0.9527f,0.1689f,0.121f,-0.9872f,-0.1043f,-0.4935f,0f,0f,0f,1f],start_interpolation: 0,interpolation_duration: 1}
$data merge entity $(bone_hat) {transformation: [-0.6516f,-0.2133f,-0.728f,-0.2818f,0.6353f,0.371f,-0.6773f,0.0494f,0.4146f,-0.9038f,-0.1062f,-0.7987f,0f,0f,0f,1f],start_interpolation: 0,interpolation_duration: 1}
$data merge entity $(bone_head_hat) {transformation: [-0.6677f,-0.1557f,-0.728f,-0.1562f,0.6652f,0.3142f,-0.6773f,0.022f,0.3342f,-0.9365f,-0.1062f,-0.4935f,0f,0f,0f,1f],start_interpolation: 0,interpolation_duration: 1}
$data merge entity $(bone_rightarm) {transformation: [-0.0075f,-0.9803f,-0.1972f,-0.2986f,0.9924f,-0.0316f,0.1191f,0.2984f,-0.123f,-0.1948f,0.9731f,-0.3438f,0f,0f,0f,1f],start_interpolation: 0,interpolation_duration: 1}
$data merge entity $(bone_leftarm) {transformation: [-0.4078f,-0.8138f,0.4142f,0.1111f,0.0264f,-0.4639f,-0.8855f,0.083f,0.9127f,-0.3501f,0.2107f,-0.4242f,0f,0f,0f,1f],start_interpolation: 0,interpolation_duration: 1}
$data merge entity $(bone_jacket) {transformation: [-0.9555f,-0.177f,-0.236f,-0.0625f,0.2519f,-0.0734f,-0.965f,0.1001f,0.1534f,-0.9815f,0.1147f,-0.4466f,0f,0f,0f,1f],start_interpolation: 0,interpolation_duration: 1}