# This file was generated by Animated Java via MC-Build. It is not recommended to edit this file directly.
$data merge entity $(bone_rightleg) {transformation: [-0.8202f,0.0555f,-0.5693f,-0.1226f,0.5344f,0.4292f,-0.7281f,0.3782f,0.204f,-0.9015f,-0.3817f,0.1062f,0f,0f,0f,1f],start_interpolation: 0,interpolation_duration: 1}
$data merge entity $(bone_leftleg) {transformation: [-0.8478f,0.5213f,-0.0971f,0.2543f,0.4592f,0.6303f,-0.626f,0.376f,-0.2651f,-0.5753f,-0.7738f,-0.3521f,0f,0f,0f,1f],start_interpolation: 0,interpolation_duration: 1}
$data merge entity $(bone_bottom) {transformation: [-0.959f,-0.0859f,-0.2702f,-0.0312f,0.2574f,0.1362f,-0.9567f,0.1689f,0.119f,-0.987f,-0.1085f,-0.4935f,0f,0f,0f,1f],start_interpolation: 0,interpolation_duration: 1}
$data merge entity $(bone_hat) {transformation: [-0.6568f,-0.2198f,-0.7213f,-0.283f,0.6306f,0.3644f,-0.6852f,0.0466f,0.4135f,-0.9049f,-0.1008f,-0.7985f,0f,0f,0f,1f],start_interpolation: 0,interpolation_duration: 1}
$data merge entity $(bone_head_hat) {transformation: [-0.6734f,-0.1617f,-0.7213f,-0.1562f,0.66f,0.3081f,-0.6852f,0.022f,0.333f,-0.9375f,-0.1008f,-0.4935f,0f,0f,0f,1f],start_interpolation: 0,interpolation_duration: 1}
$data merge entity $(bone_rightarm) {transformation: [-0.0319f,-0.9801f,-0.1958f,-0.3026f,0.9912f,-0.0562f,0.1198f,0.2817f,-0.1284f,-0.1903f,0.9733f,-0.3435f,0f,0f,0f,1f],start_interpolation: 0,interpolation_duration: 1}
$data merge entity $(bone_leftarm) {transformation: [-0.4077f,-0.8286f,0.3837f,0.1111f,0.0258f,-0.4304f,-0.9023f,0.0843f,0.9128f,-0.3579f,0.1968f,-0.4242f,0f,0f,0f,1f],start_interpolation: 0,interpolation_duration: 1}
$data merge entity $(bone_jacket) {transformation: [-0.9593f,-0.1752f,-0.2215f,-0.0625f,0.2364f,-0.0689f,-0.9692f,0.1001f,0.1546f,-0.9821f,0.1075f,-0.4466f,0f,0f,0f,1f],start_interpolation: 0,interpolation_duration: 1}