# This file was generated by Animated Java via MC-Build. It is not recommended to edit this file directly.
$data merge entity $(bone_rightleg) {transformation: [-0.8202f,0.1078f,-0.5618f,-0.1258f,0.5344f,0.4946f,-0.6854f,0.3654f,0.204f,-0.8624f,-0.4632f,0.1087f,0f,0f,0f,1f],start_interpolation: 0,interpolation_duration: 1}
$data merge entity $(bone_leftleg) {transformation: [-0.8693f,0.4888f,-0.0736f,0.2384f,0.4372f,0.691f,-0.5757f,0.3932f,-0.2305f,-0.5326f,-0.8144f,-0.3258f,0f,0f,0f,1f],start_interpolation: 0,interpolation_duration: 1}
$data merge entity $(bone_bottom) {transformation: [-0.9632f,-0.0849f,-0.2551f,-0.0312f,0.2422f,0.1387f,-0.9603f,0.1689f,0.117f,-0.9867f,-0.113f,-0.4935f,0f,0f,0f,1f],start_interpolation: 0,interpolation_duration: 1}
$data merge entity $(bone_hat) {transformation: [-0.6632f,-0.2284f,-0.7128f,-0.2846f,0.6248f,0.3554f,-0.6952f,0.0429f,0.4121f,-0.9064f,-0.093f,-0.7981f,0f,0f,0f,1f],start_interpolation: 0,interpolation_duration: 1}
$data merge entity $(bone_head_hat) {transformation: [-0.6806f,-0.1698f,-0.7128f,-0.1562f,0.6534f,0.2996f,-0.6952f,0.022f,0.3316f,-0.9388f,-0.093f,-0.4935f,0f,0f,0f,1f],start_interpolation: 0,interpolation_duration: 1}
$data merge entity $(bone_rightarm) {transformation: [-0.069f,-0.9786f,-0.1939f,-0.3087f,0.988f,-0.0939f,0.1226f,0.2575f,-0.1382f,-0.1831f,0.9733f,-0.3428f,0f,0f,0f,1f],start_interpolation: 0,interpolation_duration: 1}
$data merge entity $(bone_leftarm) {transformation: [-0.4074f,-0.8457f,0.3447f,0.1111f,0.0241f,-0.3873f,-0.9217f,0.0857f,0.9129f,-0.3672f,0.1781f,-0.4242f,0f,0f,0f,1f],start_interpolation: 0,interpolation_duration: 1}
$data merge entity $(bone_jacket) {transformation: [-0.9628f,-0.1735f,-0.2072f,-0.0625f,0.2209f,-0.0635f,-0.9732f,0.1001f,0.1557f,-0.9828f,0.0994f,-0.4466f,0f,0f,0f,1f],start_interpolation: 0,interpolation_duration: 1}