# This file was generated by Animated Java via MC-Build. It is not recommended to edit this file directly.
$data merge entity $(bone_rightleg) {transformation: [-0.8202f,0.1712f,-0.5458f,-0.1296f,0.5344f,0.5695f,-0.6245f,0.3493f,0.204f,-0.8039f,-0.5586f,0.1121f,0f,0f,0f,1f],start_interpolation: 0,interpolation_duration: 1}
$data merge entity $(bone_leftleg) {transformation: [-0.8929f,0.4476f,-0.0489f,0.2193f,0.4089f,0.7605f,-0.5044f,0.4155f,-0.1885f,-0.4703f,-0.8621f,-0.2921f,0f,0f,0f,1f],start_interpolation: 0,interpolation_duration: 1}
$data merge entity $(bone_bottom) {transformation: [-0.967f,-0.084f,-0.2404f,-0.0312f,0.2273f,0.1415f,-0.9635f,0.1689f,0.115f,-0.9864f,-0.1178f,-0.4935f,0f,0f,0f,1f],start_interpolation: 0,interpolation_duration: 1}
$data merge entity $(bone_hat) {transformation: [-0.6706f,-0.2388f,-0.7024f,-0.2866f,0.6179f,0.3442f,-0.7069f,0.0384f,0.4106f,-0.908f,-0.0833f,-0.7975f,0f,0f,0f,1f],start_interpolation: 0,interpolation_duration: 1}
$data merge entity $(bone_head_hat) {transformation: [-0.6888f,-0.1795f,-0.7024f,-0.1562f,0.6455f,0.289f,-0.7069f,0.022f,0.3299f,-0.9403f,-0.0833f,-0.4935f,0f,0f,0f,1f],start_interpolation: 0,interpolation_duration: 1}
$data merge entity $(bone_rightarm) {transformation: [-0.1157f,-0.9745f,-0.1922f,-0.3165f,0.9818f,-0.1415f,0.1269f,0.2278f,-0.1508f,-0.174f,0.9731f,-0.342f,0f,0f,0f,1f],start_interpolation: 0,interpolation_duration: 1}
$data merge entity $(bone_leftarm) {transformation: [-0.407f,-0.863f,0.2994f,0.1111f,0.0218f,-0.3368f,-0.9413f,0.0872f,0.9132f,-0.3765f,0.1559f,-0.4241f,0f,0f,0f,1f],start_interpolation: 0,interpolation_duration: 1}
$data merge entity $(bone_jacket) {transformation: [-0.9659f,-0.1719f,-0.1934f,-0.0625f,0.2058f,-0.0575f,-0.9769f,0.1001f,0.1568f,-0.9834f,0.0909f,-0.4466f,0f,0f,0f,1f],start_interpolation: 0,interpolation_duration: 1}