# This file was generated by Animated Java via MC-Build. It is not recommended to edit this file directly.
$data merge entity $(bone_rightleg) {transformation: [-0.8202f,0.2418f,-0.5184f,-0.134f,0.5344f,0.6471f,-0.5438f,0.3305f,0.204f,-0.7231f,-0.66f,0.1162f,0f,0f,0f,1f],start_interpolation: 0,interpolation_duration: 1}
$data merge entity $(bone_leftleg) {transformation: [-0.9159f,0.4004f,-0.0297f,0.1983f,0.3756f,0.8283f,-0.4158f,0.4412f,-0.1419f,-0.3919f,-0.909f,-0.2538f,0f,0f,0f,1f],start_interpolation: 0,interpolation_duration: 1}
$data merge entity $(bone_bottom) {transformation: [-0.9705f,-0.0832f,-0.2263f,-0.0312f,0.2129f,0.1445f,-0.9663f,0.1689f,0.1131f,-0.986f,-0.1225f,-0.4935f,0f,0f,0f,1f],start_interpolation: 0,interpolation_duration: 1}
$data merge entity $(bone_hat) {transformation: [-0.6788f,-0.2506f,-0.6902f,-0.2887f,0.61f,0.3309f,-0.72f,0.033f,0.4088f,-0.9098f,-0.0717f,-0.7968f,0f,0f,0f,1f],start_interpolation: 0,interpolation_duration: 1}
$data merge entity $(bone_head_hat) {transformation: [-0.6981f,-0.1905f,-0.6902f,-0.1562f,0.6365f,0.2764f,-0.72f,0.022f,0.3279f,-0.942f,-0.0717f,-0.4935f,0f,0f,0f,1f],start_interpolation: 0,interpolation_duration: 1}
$data merge entity $(bone_rightarm) {transformation: [-0.1687f,-0.9669f,-0.1914f,-0.3253f,0.9718f,-0.1955f,0.1315f,0.1946f,-0.1646f,-0.1638f,0.9727f,-0.3412f,0f,0f,0f,1f],start_interpolation: 0,interpolation_duration: 1}
$data merge entity $(bone_leftarm) {transformation: [-0.4066f,-0.8788f,0.2498f,0.1111f,0.0196f,-0.2818f,-0.9593f,0.0888f,0.9134f,-0.3851f,0.1318f,-0.424f,0f,0f,0f,1f],start_interpolation: 0,interpolation_duration: 1}
$data merge entity $(bone_jacket) {transformation: [-0.9688f,-0.1705f,-0.1801f,-0.0625f,0.1913f,-0.0513f,-0.9802f,0.1001f,0.1579f,-0.984f,0.0823f,-0.4466f,0f,0f,0f,1f],start_interpolation: 0,interpolation_duration: 1}