# This file was generated by Animated Java via MC-Build. It is not recommended to edit this file directly.
$data merge entity $(bone_rightleg) {transformation: [-0.8202f,0.315f,-0.4775f,-0.1387f,0.5344f,0.7197f,-0.4432f,0.3095f,0.204f,-0.6187f,-0.7587f,0.1208f,0f,0f,0f,1f],start_interpolation: 0,interpolation_duration: 1}
$data merge entity $(bone_leftleg) {transformation: [-0.9361f,0.3513f,-0.0199f,0.1767f,0.3392f,0.8859f,-0.3164f,0.4682f,-0.0935f,-0.3029f,-0.9484f,-0.2135f,0f,0f,0f,1f],start_interpolation: 0,interpolation_duration: 1}
$data merge entity $(bone_bottom) {transformation: [-0.9735f,-0.0826f,-0.213f,-0.0312f,0.1995f,0.1474f,-0.9688f,0.1689f,0.1114f,-0.9856f,-0.127f,-0.4935f,0f,0f,0f,1f],start_interpolation: 0,interpolation_duration: 1}
$data merge entity $(bone_hat) {transformation: [-0.6877f,-0.2633f,-0.6765f,-0.291f,0.6013f,0.3156f,-0.7341f,0.027f,0.4068f,-0.9116f,-0.0587f,-0.796f,0f,0f,0f,1f],start_interpolation: 0,interpolation_duration: 1}
$data merge entity $(bone_head_hat) {transformation: [-0.7081f,-0.2024f,-0.6765f,-0.1562f,0.6265f,0.262f,-0.7341f,0.022f,0.3258f,-0.9436f,-0.0587f,-0.4935f,0f,0f,0f,1f],start_interpolation: 0,interpolation_duration: 1}
$data merge entity $(bone_rightarm) {transformation: [-0.2247f,-0.9554f,-0.1918f,-0.3344f,0.9581f,-0.2525f,0.1355f,0.1599f,-0.1779f,-0.1533f,0.972f,-0.3405f,0f,0f,0f,1f],start_interpolation: 0,interpolation_duration: 1}
$data merge entity $(bone_leftarm) {transformation: [-0.4062f,-0.8919f,0.1986f,0.1111f,0.0179f,-0.2251f,-0.9742f,0.0905f,0.9136f,-0.3922f,0.1074f,-0.4239f,0f,0f,0f,1f],start_interpolation: 0,interpolation_duration: 1}
$data merge entity $(bone_jacket) {transformation: [-0.9712f,-0.1693f,-0.1677f,-0.0625f,0.1776f,-0.0453f,-0.9831f,0.1001f,0.1589f,-0.9845f,0.0741f,-0.4466f,0f,0f,0f,1f],start_interpolation: 0,interpolation_duration: 1}