# This file was generated by Animated Java via MC-Build. It is not recommended to edit this file directly.
$data merge entity $(bone_rightleg) {transformation: [-0.8202f,0.386f,-0.4222f,-0.1436f,0.5344f,0.7802f,-0.325f,0.2869f,0.204f,-0.4922f,-0.8462f,0.1258f,0f,0f,0f,1f],start_interpolation: 0,interpolation_duration: 1}
$data merge entity $(bone_leftleg) {transformation: [-0.9521f,0.3051f,-0.0206f,0.1557f,0.3022f,0.9287f,-0.2147f,0.4948f,-0.0464f,-0.2106f,-0.9765f,-0.174f,0f,0f,0f,1f],start_interpolation: 0,interpolation_duration: 1}
$data merge entity $(bone_bottom) {transformation: [-0.9762f,-0.0821f,-0.2009f,-0.0312f,0.1872f,0.15f,-0.9708f,0.1689f,0.1098f,-0.9853f,-0.131f,-0.4935f,0f,0f,0f,1f],start_interpolation: 0,interpolation_duration: 1}
$data merge entity $(bone_hat) {transformation: [-0.6971f,-0.2767f,-0.6614f,-0.2934f,0.5918f,0.2986f,-0.7487f,0.0204f,0.4047f,-0.9134f,-0.0444f,-0.7949f,0f,0f,0f,1f],start_interpolation: 0,interpolation_duration: 1}
$data merge entity $(bone_head_hat) {transformation: [-0.7186f,-0.2149f,-0.6614f,-0.1562f,0.6156f,0.2459f,-0.7487f,0.022f,0.3235f,-0.9452f,-0.0444f,-0.4935f,0f,0f,0f,1f],start_interpolation: 0,interpolation_duration: 1}
$data merge entity $(bone_rightarm) {transformation: [-0.2806f,-0.9401f,-0.1934f,-0.3432f,0.941f,-0.3092f,0.1375f,0.1259f,-0.189f,-0.1434f,0.9714f,-0.3403f,0f,0f,0f,1f],start_interpolation: 0,interpolation_duration: 1}
$data merge entity $(bone_leftarm) {transformation: [-0.4061f,-0.9017f,0.1484f,0.1111f,0.0172f,-0.1699f,-0.9853f,0.0922f,0.9137f,-0.3976f,0.0846f,-0.4238f,0f,0f,0f,1f],start_interpolation: 0,interpolation_duration: 1}
$data merge entity $(bone_jacket) {transformation: [-0.9732f,-0.1685f,-0.1563f,-0.0625f,0.1651f,-0.04f,-0.9855f,0.1001f,0.1598f,-0.9849f,0.0668f,-0.4466f,0f,0f,0f,1f],start_interpolation: 0,interpolation_duration: 1}