# This file was generated by Animated Java via MC-Build. It is not recommended to edit this file directly.
$data merge entity $(bone_rightleg) {transformation: [-0.8202f,0.4497f,-0.3536f,-0.1488f,0.5344f,0.8228f,-0.1933f,0.2633f,0.204f,-0.3475f,-0.9152f,0.1312f,0f,0f,0f,1f],start_interpolation: 0,interpolation_duration: 1}
$data merge entity $(bone_leftleg) {transformation: [-0.9636f,0.2659f,-0.0298f,0.1366f,0.2675f,0.956f,-0.1202f,0.5191f,-0.0034f,-0.1238f,-0.9923f,-0.138f,0f,0f,0f,1f],start_interpolation: 0,interpolation_duration: 1}
$data merge entity $(bone_bottom) {transformation: [-0.9784f,-0.0817f,-0.19f,-0.0312f,0.1762f,0.1521f,-0.9725f,0.1689f,0.1084f,-0.985f,-0.1344f,-0.4935f,0f,0f,0f,1f],start_interpolation: 0,interpolation_duration: 1}
$data merge entity $(bone_hat) {transformation: [-0.7069f,-0.2904f,-0.645f,-0.2957f,0.5817f,0.28f,-0.7637f,0.0133f,0.4024f,-0.915f,-0.029f,-0.7938f,0f,0f,0f,1f],start_interpolation: 0,interpolation_duration: 1}
$data merge entity $(bone_head_hat) {transformation: [-0.7295f,-0.2277f,-0.645f,-0.1562f,0.6039f,0.2283f,-0.7637f,0.022f,0.3211f,-0.9466f,-0.029f,-0.4935f,0f,0f,0f,1f],start_interpolation: 0,interpolation_duration: 1}
$data merge entity $(bone_rightarm) {transformation: [-0.3336f,-0.9222f,-0.1954f,-0.351f,0.922f,-0.3624f,0.1362f,0.0946f,-0.1965f,-0.1347f,0.9712f,-0.3406f,0f,0f,0f,1f],start_interpolation: 0,interpolation_duration: 1}
$data merge entity $(bone_leftarm) {transformation: [-0.4063f,-0.908f,0.1019f,0.1111f,0.0181f,-0.1195f,-0.9927f,0.094f,0.9136f,-0.4015f,0.065f,-0.4236f,0f,0f,0f,1f],start_interpolation: 0,interpolation_duration: 1}
$data merge entity $(bone_jacket) {transformation: [-0.9749f,-0.1679f,-0.1461f,-0.0625f,0.1541f,-0.0357f,-0.9874f,0.1001f,0.1606f,-0.9852f,0.0607f,-0.4466f,0f,0f,0f,1f],start_interpolation: 0,interpolation_duration: 1}