# This file was generated by Animated Java via MC-Build. It is not recommended to edit this file directly.
$data merge entity $(bone_rightleg) {transformation: [-0.8202f,0.5021f,-0.274f,-0.154f,0.5344f,0.8435f,-0.0541f,0.2393f,0.204f,-0.1908f,-0.9602f,0.1366f,0f,0f,0f,1f],start_interpolation: 0,interpolation_duration: 1}
$data merge entity $(bone_leftleg) {transformation: [-0.9707f,0.2362f,-0.0435f,0.1207f,0.238f,0.9704f,-0.0419f,0.5392f,0.0323f,-0.051f,-0.9982f,-0.1082f,0f,0f,0f,1f],start_interpolation: 0,interpolation_duration: 1}
$data merge entity $(bone_bottom) {transformation: [-0.9801f,-0.0815f,-0.1809f,-0.0312f,0.1669f,0.1536f,-0.9739f,0.1689f,0.1072f,-0.9848f,-0.1369f,-0.4935f,0f,0f,0f,1f],start_interpolation: 0,interpolation_duration: 1}
$data merge entity $(bone_hat) {transformation: [-0.7168f,-0.3041f,-0.6275f,-0.2978f,0.5711f,0.2602f,-0.7785f,0.0058f,0.4f,-0.9164f,-0.0128f,-0.7924f,0f,0f,0f,1f],start_interpolation: 0,interpolation_duration: 1}
$data merge entity $(bone_head_hat) {transformation: [-0.7406f,-0.2405f,-0.6275f,-0.1562f,0.5916f,0.2095f,-0.7785f,0.022f,0.3187f,-0.9478f,-0.0128f,-0.4935f,0f,0f,0f,1f],start_interpolation: 0,interpolation_duration: 1}
$data merge entity $(bone_rightarm) {transformation: [-0.3812f,-0.9032f,-0.1971f,-0.3572f,0.9029f,-0.4096f,0.1305f,0.0681f,-0.1986f,-0.1282f,0.9717f,-0.3417f,0f,0f,0f,1f],start_interpolation: 0,interpolation_duration: 1}
$data merge entity $(bone_leftarm) {transformation: [-0.4068f,-0.9114f,0.062f,0.1111f,0.021f,-0.0772f,-0.9968f,0.0958f,0.9133f,-0.4042f,0.0505f,-0.4234f,0f,0f,0f,1f],start_interpolation: 0,interpolation_duration: 1}
$data merge entity $(bone_jacket) {transformation: [-0.9762f,-0.1676f,-0.1373f,-0.0625f,0.1447f,-0.0329f,-0.9889f,0.1001f,0.1613f,-0.9853f,0.0564f,-0.4466f,0f,0f,0f,1f],start_interpolation: 0,interpolation_duration: 1}