# This file was generated by Animated Java via MC-Build. It is not recommended to edit this file directly.
$data merge entity $(bone_rightleg) {transformation: [-0.9947f,-0.005f,0.1024f,-0.2194f,-0.0075f,0.9997f,-0.0239f,0.0753f,-0.1023f,-0.0246f,-0.9945f,0.2247f,0f,0f,0f,1f],start_interpolation: 0,interpolation_duration: 1}
$data merge entity $(bone_leftleg) {transformation: [-0.9978f,-0.0004f,0.0656f,0.0008f,0f,1f,0.0063f,0.5224f,-0.0656f,0.0063f,-0.9978f,-0.0524f,0f,0f,0f,1f],start_interpolation: 0,interpolation_duration: 1}
$data merge entity $(bone_bottom) {transformation: [-1f,-0.0066f,0.0012f,0f,-0.0066f,0.9998f,0.0202f,0.5211f,-0.0014f,0.0202f,-0.9998f,-0.0142f,0f,0f,0f,1f],start_interpolation: 0,interpolation_duration: 1}
$data merge entity $(bone_cape) {transformation: [-1f,0f,0f,-0.0313f,0f,0.9962f,-0.0871f,0.3988f,0f,-0.0871f,-0.9962f,0.0701f,0f,0f,0f,1f],start_interpolation: 0,interpolation_duration: 1}
$data merge entity $(bone_hat) {transformation: [-0.9586f,-0.2815f,0.0427f,-0.0544f,-0.2755f,0.955f,0.1098f,0.8448f,-0.0717f,0.0935f,-0.993f,-0.0795f,0f,0f,0f,1f],start_interpolation: 0,interpolation_duration: 1}
$data merge entity $(bone_head_hat) {transformation: [-0.9795f,-0.1968f,0.0427f,0.0029f,-0.1912f,0.9754f,0.1098f,0.5269f,-0.0633f,0.0994f,-0.993f,-0.0062f,0f,0f,0f,1f],start_interpolation: 0,interpolation_duration: 1}
$data merge entity $(bone_rightarm) {transformation: [-0.9963f,-0.0847f,0.0174f,-0.1912f,-0.0861f,0.9896f,-0.115f,0.5015f,-0.0075f,-0.116f,-0.9932f,-0.055f,0f,0f,0f,1f],start_interpolation: 0,interpolation_duration: 1}
$data merge entity $(bone_leftarm) {transformation: [-0.9482f,0.1745f,0.2656f,0.1752f,-0.0281f,0.7865f,-0.6169f,0.4993f,-0.3166f,-0.5924f,-0.7408f,-0.1041f,0f,0f,0f,1f],start_interpolation: 0,interpolation_duration: 1}
$data merge entity $(bone_staff) {transformation: [0.6235f,-0.3326f,-1.0274f,0.3253f,-0.5399f,0.9313f,-0.6292f,0.4743f,0.9352f,0.7595f,0.3216f,0.1866f,0f,0f,0f,1f],start_interpolation: 0,interpolation_duration: 1}
$data merge entity $(bone_jacket) {transformation: [-0.9957f,-0.0126f,0.092f,-0.0059f,-0.0067f,0.9979f,0.0641f,0.522f,-0.0926f,0.0632f,-0.9937f,-0.012f,0f,0f,0f,1f],start_interpolation: 0,interpolation_duration: 1}