# This file was generated by Animated Java via MC-Build. It is not recommended to edit this file directly.
$data merge entity $(bone_rightleg) {transformation: [-0.8202f,0.5405f,-0.1874f,-0.1591f,0.5344f,0.8408f,0.0858f,0.2153f,0.204f,-0.0298f,-0.9785f,0.1421f,0f,0f,0f,1f],start_interpolation: 0,interpolation_duration: 1}
$data merge entity $(bone_leftleg) {transformation: [-0.9746f,0.2169f,-0.0565f,0.1094f,0.2165f,0.9762f,0.0123f,0.5533f,0.0578f,-0.0002f,-0.9983f,-0.0872f,0f,0f,0f,1f],start_interpolation: 0,interpolation_duration: 1}
$data merge entity $(bone_bottom) {transformation: [-0.9814f,-0.0815f,-0.1735f,-0.0312f,0.1596f,0.1542f,-0.9751f,0.1689f,0.1062f,-0.9847f,-0.1383f,-0.4935f,0f,0f,0f,1f],start_interpolation: 0,interpolation_duration: 1}
$data merge entity $(bone_hat) {transformation: [-0.7267f,-0.3175f,-0.6091f,-0.2998f,0.5601f,0.2394f,-0.7931f,-0.0019f,0.3976f,-0.9176f,0.0038f,-0.791f,0f,0f,0f,1f],start_interpolation: 0,interpolation_duration: 1}
$data merge entity $(bone_head_hat) {transformation: [-0.7516f,-0.2529f,-0.6091f,-0.1562f,0.5789f,0.1897f,-0.7931f,0.022f,0.3161f,-0.9487f,0.0038f,-0.4935f,0f,0f,0f,1f],start_interpolation: 0,interpolation_duration: 1}
$data merge entity $(bone_rightarm) {transformation: [-0.4211f,-0.8853f,-0.1972f,-0.3611f,0.886f,-0.448f,0.1191f,0.0484f,-0.1938f,-0.1245f,0.9731f,-0.3438f,0f,0f,0f,1f],start_interpolation: 0,interpolation_duration: 1}
$data merge entity $(bone_leftarm) {transformation: [-0.4078f,-0.9125f,0.0314f,0.1111f,0.0264f,-0.0462f,-0.9986f,0.0975f,0.9127f,-0.4064f,0.043f,-0.4232f,0f,0f,0f,1f],start_interpolation: 0,interpolation_duration: 1}
$data merge entity $(bone_jacket) {transformation: [-0.9772f,-0.1676f,-0.1301f,-0.0625f,0.1373f,-0.0319f,-0.99f,0.1001f,0.1618f,-0.9853f,0.0541f,-0.4466f,0f,0f,0f,1f],start_interpolation: 0,interpolation_duration: 1}