# This file was generated by Animated Java via MC-Build. It is not recommended to edit this file directly.
$data merge entity $(bone_rightleg) {transformation: [-0.8202f,0.5635f,-0.0985f,-0.1641f,0.5344f,0.8163f,0.2193f,0.192f,0.204f,0.1272f,-0.9707f,0.1474f,0f,0f,0f,1f],start_interpolation: 0,interpolation_duration: 1}
$data merge entity $(bone_hat) {transformation: [-0.7366f,-0.3303f,-0.5902f,-0.3015f,0.5489f,0.2179f,-0.807f,-0.0098f,0.3951f,-0.9184f,0.0208f,-0.7894f,0f,0f,0f,1f],start_interpolation: 0,interpolation_duration: 1}
$data merge entity $(bone_head_hat) {transformation: [-0.7626f,-0.2648f,-0.5902f,-0.1562f,0.5658f,0.1692f,-0.807f,0.022f,0.3136f,-0.9493f,0.0208f,-0.4935f,0f,0f,0f,1f],start_interpolation: 0,interpolation_duration: 1}
$data merge entity $(bone_rightarm) {transformation: [-0.4528f,-0.87f,-0.195f,-0.3626f,0.8729f,-0.4772f,0.1022f,0.0363f,-0.182f,-0.1239f,0.9755f,-0.3468f,0f,0f,0f,1f],start_interpolation: 0,interpolation_duration: 1}
$data merge entity $(bone_leftarm) {transformation: [-0.409f,-0.9124f,0.0119f,0.1111f,0.0345f,-0.0285f,-0.999f,0.0993f,0.9119f,-0.4082f,0.0431f,-0.423f,0f,0f,0f,1f],start_interpolation: 0,interpolation_duration: 1}