# This file was generated by Animated Java via MC-Build. It is not recommended to edit this file directly.
$data merge entity $(bone_rightleg) {transformation: [-0.8202f,0.5719f,-0.012f,-0.1688f,0.5344f,0.7736f,0.3404f,0.17f,0.204f,0.2728f,-0.9402f,0.1525f,0f,0f,0f,1f],start_interpolation: 0,interpolation_duration: 1}
$data merge entity $(bone_hat) {transformation: [-0.7462f,-0.3423f,-0.571f,-0.303f,0.5376f,0.196f,-0.8201f,-0.0177f,0.3926f,-0.9189f,0.0378f,-0.7877f,0f,0f,0f,1f],start_interpolation: 0,interpolation_duration: 1}
$data merge entity $(bone_head_hat) {transformation: [-0.7732f,-0.2759f,-0.571f,-0.1562f,0.5526f,0.1484f,-0.8201f,0.022f,0.311f,-0.9497f,0.0378f,-0.4935f,0f,0f,0f,1f],start_interpolation: 0,interpolation_duration: 1}
$data merge entity $(bone_rightarm) {transformation: [-0.4836f,-0.8544f,-0.1901f,-0.3627f,0.8599f,-0.5044f,0.079f,0.0276f,-0.1634f,-0.1253f,0.9786f,-0.3509f,0f,0f,0f,1f],start_interpolation: 0,interpolation_duration: 1}
$data merge entity $(bone_leftarm) {transformation: [-0.4105f,-0.9119f,-0.0021f,0.1111f,0.0456f,-0.0182f,-0.9988f,0.101f,0.9107f,-0.4101f,0.049f,-0.4228f,0f,0f,0f,1f],start_interpolation: 0,interpolation_duration: 1}