# This file was generated by Animated Java via MC-Build. It is not recommended to edit this file directly.
$data merge entity $(bone_rightleg) {transformation: [-0.8202f,0.568f,0.0677f,-0.1731f,0.5344f,0.7188f,0.4447f,0.1498f,0.204f,0.4009f,-0.8931f,0.1571f,0f,0f,0f,1f],start_interpolation: 0,interpolation_duration: 1}
$data merge entity $(bone_hat) {transformation: [-0.7555f,-0.3533f,-0.5517f,-0.3042f,0.5264f,0.1741f,-0.8322f,-0.0256f,0.3901f,-0.9192f,0.0545f,-0.7859f,0f,0f,0f,1f],start_interpolation: 0,interpolation_duration: 1}
$data merge entity $(bone_head_hat) {transformation: [-0.7834f,-0.2862f,-0.5517f,-0.1562f,0.5395f,0.1275f,-0.8322f,0.022f,0.3085f,-0.9497f,0.0545f,-0.4935f,0f,0f,0f,1f],start_interpolation: 0,interpolation_duration: 1}
$data merge entity $(bone_rightarm) {transformation: [-0.5133f,-0.8386f,-0.1825f,-0.3617f,0.8468f,-0.5294f,0.0513f,0.0219f,-0.1396f,-0.1282f,0.9819f,-0.3558f,0f,0f,0f,1f],start_interpolation: 0,interpolation_duration: 1}
$data merge entity $(bone_leftarm) {transformation: [-0.4119f,-0.9112f,-0.0115f,0.1111f,0.0591f,-0.0141f,-0.9982f,0.1027f,0.9093f,-0.4118f,0.0596f,-0.4227f,0f,0f,0f,1f],start_interpolation: 0,interpolation_duration: 1}