# This file was generated by Animated Java via MC-Build. It is not recommended to edit this file directly.
$data merge entity $(bone_rightleg) {transformation: [-0.8202f,0.5554f,0.1369f,-0.177f,0.5344f,0.6587f,0.5296f,0.132f,0.204f,0.5075f,-0.8371f,0.1612f,0f,0f,0f,1f],start_interpolation: 0,interpolation_duration: 1}
$data merge entity $(bone_hat) {transformation: [-0.7643f,-0.3634f,-0.5328f,-0.3051f,0.5154f,0.1525f,-0.8433f,-0.0332f,0.3877f,-0.9191f,0.0707f,-0.7842f,0f,0f,0f,1f],start_interpolation: 0,interpolation_duration: 1}
$data merge entity $(bone_head_hat) {transformation: [-0.793f,-0.2954f,-0.5328f,-0.1562f,0.5267f,0.1071f,-0.8433f,0.022f,0.3061f,-0.9494f,0.0707f,-0.4935f,0f,0f,0f,1f],start_interpolation: 0,interpolation_duration: 1}
$data merge entity $(bone_rightarm) {transformation: [-0.5412f,-0.8231f,-0.1721f,-0.3597f,0.8334f,-0.5523f,0.0208f,0.0186f,-0.1122f,-0.1322f,0.9849f,-0.3614f,0f,0f,0f,1f],start_interpolation: 0,interpolation_duration: 1}
$data merge entity $(bone_leftarm) {transformation: [-0.4129f,-0.9106f,-0.0172f,0.1111f,0.0743f,-0.0148f,-0.9971f,0.1042f,0.9078f,-0.4129f,0.0738f,-0.4225f,0f,0f,0f,1f],start_interpolation: 0,interpolation_duration: 1}