# This file was generated by Animated Java via MC-Build. It is not recommended to edit this file directly.
$data merge entity $(bone_rightleg) {transformation: [-0.8202f,0.5384f,0.1932f,-0.1802f,0.5344f,0.6009f,0.5944f,0.1171f,0.204f,0.5908f,-0.7806f,0.1645f,0f,0f,0f,1f],start_interpolation: 0,interpolation_duration: 1}
$data merge entity $(bone_hat) {transformation: [-0.7725f,-0.3722f,-0.5145f,-0.3057f,0.5048f,0.1318f,-0.8531f,-0.0404f,0.3854f,-0.9187f,0.0861f,-0.7824f,0f,0f,0f,1f],start_interpolation: 0,interpolation_duration: 1}
$data merge entity $(bone_head_hat) {transformation: [-0.802f,-0.3035f,-0.5145f,-0.1562f,0.5143f,0.0873f,-0.8531f,0.022f,0.3038f,-0.9488f,0.0861f,-0.4935f,0f,0f,0f,1f],start_interpolation: 0,interpolation_duration: 1}
$data merge entity $(bone_rightarm) {transformation: [-0.5668f,-0.8082f,-0.1595f,-0.3572f,0.8197f,-0.5727f,-0.0108f,0.0171f,-0.0827f,-0.1369f,0.9871f,-0.3672f,0f,0f,0f,1f],start_interpolation: 0,interpolation_duration: 1}
$data merge entity $(bone_leftarm) {transformation: [-0.4133f,-0.9104f,-0.0202f,0.1111f,0.0904f,-0.019f,-0.9957f,0.1057f,0.9061f,-0.4133f,0.0902f,-0.4223f,0f,0f,0f,1f],start_interpolation: 0,interpolation_duration: 1}