# This file was generated by Animated Java via MC-Build. It is not recommended to edit this file directly.
$data merge entity $(bone_rightleg) {transformation: [-0.8202f,0.5216f,0.235f,-0.1826f,0.5344f,0.5522f,0.6399f,0.1058f,0.204f,0.6504f,-0.7317f,0.1671f,0f,0f,0f,1f],start_interpolation: 0,interpolation_duration: 1}
$data merge entity $(bone_hat) {transformation: [-0.78f,-0.3799f,-0.4972f,-0.3061f,0.4947f,0.1121f,-0.8618f,-0.0472f,0.3832f,-0.9182f,0.1005f,-0.7806f,0f,0f,0f,1f],start_interpolation: 0,interpolation_duration: 1}
$data merge entity $(bone_head_hat) {transformation: [-0.8102f,-0.3105f,-0.4972f,-0.1562f,0.5026f,0.0686f,-0.8618f,0.022f,0.3017f,-0.9481f,0.1005f,-0.4935f,0f,0f,0f,1f],start_interpolation: 0,interpolation_duration: 1}
$data merge entity $(bone_rightarm) {transformation: [-0.5899f,-0.7943f,-0.1454f,-0.3544f,0.8058f,-0.5908f,-0.0417f,0.0169f,-0.0528f,-0.1418f,0.9885f,-0.373f,0f,0f,0f,1f],start_interpolation: 0,interpolation_duration: 1}
$data merge entity $(bone_leftarm) {transformation: [-0.4131f,-0.9105f,-0.0211f,0.1111f,0.1067f,-0.0254f,-0.994f,0.1071f,0.9044f,-0.4128f,0.1076f,-0.4222f,0f,0f,0f,1f],start_interpolation: 0,interpolation_duration: 1}