# This file was generated by Animated Java via MC-Build. It is not recommended to edit this file directly.
$data merge entity $(bone_hat) {transformation: [-0.7868f,-0.3864f,-0.4813f,-0.3063f,0.4855f,0.0941f,-0.8692f,-0.0533f,0.3811f,-0.9175f,0.1136f,-0.779f,0f,0f,0f,1f],start_interpolation: 0,interpolation_duration: 1}
$data merge entity $(bone_head_hat) {transformation: [-0.8175f,-0.3164f,-0.4813f,-0.1562f,0.4919f,0.0514f,-0.8692f,0.022f,0.2997f,-0.9472f,0.1136f,-0.4935f,0f,0f,0f,1f],start_interpolation: 0,interpolation_duration: 1}
$data merge entity $(bone_rightarm) {transformation: [-0.6101f,-0.7815f,-0.1307f,-0.3515f,0.792f,-0.6064f,-0.0706f,0.0173f,-0.024f,-0.1466f,0.9889f,-0.3785f,0f,0f,0f,1f],start_interpolation: 0,interpolation_duration: 1}
$data merge entity $(bone_leftarm) {transformation: [-0.4122f,-0.9108f,-0.0209f,0.1111f,0.1223f,-0.0326f,-0.992f,0.1083f,0.9028f,-0.4115f,0.1248f,-0.422f,0f,0f,0f,1f],start_interpolation: 0,interpolation_duration: 1}