# This file was generated by Animated Java via MC-Build. It is not recommended to edit this file directly.
$data merge entity $(bone_hat) {transformation: [-0.7927f,-0.3918f,-0.4671f,-0.3063f,0.4772f,0.078f,-0.8753f,-0.0588f,0.3793f,-0.9168f,0.1251f,-0.7775f,0f,0f,0f,1f],start_interpolation: 0,interpolation_duration: 1}
$data merge entity $(bone_head_hat) {transformation: [-0.8238f,-0.3212f,-0.4671f,-0.1562f,0.4822f,0.0361f,-0.8753f,0.022f,0.298f,-0.9463f,0.1251f,-0.4935f,0f,0f,0f,1f],start_interpolation: 0,interpolation_duration: 1}
$data merge entity $(bone_rightarm) {transformation: [-0.6273f,-0.7701f,-0.1163f,-0.3489f,0.7788f,-0.6199f,-0.096f,0.0179f,0.0018f,-0.1508f,0.9886f,-0.3835f,0f,0f,0f,1f],start_interpolation: 0,interpolation_duration: 1}
$data merge entity $(bone_leftarm) {transformation: [-0.411f,-0.9114f,-0.0204f,0.1111f,0.1363f,-0.0394f,-0.9899f,0.1093f,0.9014f,-0.4096f,0.1404f,-0.422f,0f,0f,0f,1f],start_interpolation: 0,interpolation_duration: 1}