# This file was generated by Animated Java via MC-Build. It is not recommended to edit this file directly.
$data merge entity $(bone_hat) {transformation: [-0.7976f,-0.396f,-0.4549f,-0.3062f,0.4701f,0.0643f,-0.8802f,-0.0634f,0.3778f,-0.916f,0.1349f,-0.7762f,0f,0f,0f,1f],start_interpolation: 0,interpolation_duration: 1}
$data merge entity $(bone_head_hat) {transformation: [-0.8291f,-0.3249f,-0.4549f,-0.1562f,0.474f,0.0231f,-0.8802f,0.022f,0.2965f,-0.9455f,0.1349f,-0.4935f,0f,0f,0f,1f],start_interpolation: 0,interpolation_duration: 1}
$data merge entity $(bone_rightarm) {transformation: [-0.6415f,-0.7601f,-0.1036f,-0.3468f,0.7668f,-0.6312f,-0.1165f,0.018f,0.0232f,-0.1542f,0.9878f,-0.3876f,0f,0f,0f,1f],start_interpolation: 0,interpolation_duration: 1}
$data merge entity $(bone_leftarm) {transformation: [-0.4096f,-0.912f,-0.0205f,0.1111f,0.148f,-0.0443f,-0.988f,0.1102f,0.9002f,-0.4077f,0.1532f,-0.4219f,0f,0f,0f,1f],start_interpolation: 0,interpolation_duration: 1}