# This file was generated by Animated Java via MC-Build. It is not recommended to edit this file directly.
$data merge entity $(bone_rightleg) {transformation: [-0.9907f,-0.0055f,0.1359f,-0.2315f,-0.0097f,0.9995f,-0.0308f,0.0755f,-0.1357f,-0.0318f,-0.9902f,0.2179f,0f,0f,0f,1f],start_interpolation: 0,interpolation_duration: 1}
$data merge entity $(bone_leftleg) {transformation: [-0.9962f,-0.0007f,0.0872f,0.0012f,0f,1f,0.0082f,0.5226f,-0.0872f,0.0082f,-0.9962f,-0.0618f,0f,0f,0f,1f],start_interpolation: 0,interpolation_duration: 1}
$data merge entity $(bone_bottom) {transformation: [-1f,-0.0088f,0.0016f,0f,-0.0088f,0.9996f,0.027f,0.5208f,-0.0018f,0.027f,-0.9996f,-0.0106f,0f,0f,0f,1f],start_interpolation: 0,interpolation_duration: 1}
$data merge entity $(bone_cape) {transformation: [-1f,0f,0f,-0.0313f,0f,0.993f,-0.1181f,0.394f,0f,-0.1181f,-0.993f,0.0795f,0f,0f,0f,1f],start_interpolation: 0,interpolation_duration: 1}
$data merge entity $(bone_hat) {transformation: [-0.9553f,-0.2904f,0.0556f,-0.0554f,-0.2801f,0.949f,0.1447f,0.8475f,-0.0948f,0.1227f,-0.9879f,-0.066f,0f,0f,0f,1f],start_interpolation: 0,interpolation_duration: 1}
$data merge entity $(bone_head_hat) {transformation: [-0.977f,-0.2061f,0.0556f,0.0034f,-0.1963f,0.9698f,0.1447f,0.5277f,-0.0838f,0.1305f,-0.9879f,-0.003f,0f,0f,0f,1f],start_interpolation: 0,interpolation_duration: 1}
$data merge entity $(bone_rightarm) {transformation: [-0.9934f,-0.1131f,0.0161f,-0.197f,-0.1139f,0.9921f,-0.0536f,0.5015f,-0.0099f,-0.0551f,-0.9984f,-0.0527f,0f,0f,0f,1f],start_interpolation: 0,interpolation_duration: 1}
$data merge entity $(bone_leftarm) {transformation: [-0.9096f,0.244f,0.3363f,0.1759f,-0.0367f,0.759f,-0.6501f,0.4992f,-0.4139f,-0.6036f,-0.6814f,-0.1181f,0f,0f,0f,1f],start_interpolation: 0,interpolation_duration: 1}
$data merge entity $(bone_staff) {transformation: [0.6235f,-0.3914f,-1.0065f,0.2969f,-0.5399f,0.8935f,-0.6819f,0.4844f,0.9352f,0.7768f,0.2773f,0.2106f,0f,0f,0f,1f],start_interpolation: 0,interpolation_duration: 1}
$data merge entity $(bone_jacket) {transformation: [-0.9924f,-0.0189f,0.1215f,-0.0078f,-0.0087f,0.9964f,0.0846f,0.522f,-0.1227f,0.0829f,-0.989f,-0.0081f,0f,0f,0f,1f],start_interpolation: 0,interpolation_duration: 1}