# This file was generated by Animated Java via MC-Build. It is not recommended to edit this file directly.
$data merge entity $(bone_hat) {transformation: [-0.8016f,-0.3991f,-0.4452f,-0.306f,0.4644f,0.0533f,-0.884f,-0.0671f,0.3765f,-0.9154f,0.1426f,-0.7751f,0f,0f,0f,1f],start_interpolation: 0,interpolation_duration: 1}
$data merge entity $(bone_head_hat) {transformation: [-0.8333f,-0.3277f,-0.4452f,-0.1562f,0.4673f,0.0127f,-0.884f,0.022f,0.2953f,-0.9447f,0.1426f,-0.4935f,0f,0f,0f,1f],start_interpolation: 0,interpolation_duration: 1}
$data merge entity $(bone_rightarm) {transformation: [-0.6527f,-0.7518f,-0.0936f,-0.3455f,0.7566f,-0.6406f,-0.1309f,0.0171f,0.0384f,-0.1563f,0.987f,-0.3906f,0f,0f,0f,1f],start_interpolation: 0,interpolation_duration: 1}
$data merge entity $(bone_leftarm) {transformation: [-0.4084f,-0.9125f,-0.0221f,0.1111f,0.1566f,-0.0462f,-0.9866f,0.1109f,0.8993f,-0.4064f,0.1617f,-0.4219f,0f,0f,0f,1f],start_interpolation: 0,interpolation_duration: 1}