# This file was generated by Animated Java via MC-Build. It is not recommended to edit this file directly.
$data merge entity $(bone_rightleg) {transformation: [-0.9856f,-0.0051f,0.1689f,-0.2434f,-0.0112f,0.9993f,-0.0351f,0.0757f,-0.1686f,-0.0365f,-0.985f,0.2107f,0f,0f,0f,1f],start_interpolation: 0,interpolation_duration: 1}
$data merge entity $(bone_leftleg) {transformation: [-0.9941f,-0.001f,0.1087f,0.0015f,0f,1f,0.0094f,0.5228f,-0.1087f,0.0094f,-0.994f,-0.0717f,0f,0f,0f,1f],start_interpolation: 0,interpolation_duration: 1}
$data merge entity $(bone_bottom) {transformation: [-0.9999f,-0.0106f,0.0018f,0f,-0.0106f,0.9994f,0.0324f,0.5205f,-0.0022f,0.0324f,-0.9995f,-0.0078f,0f,0f,0f,1f],start_interpolation: 0,interpolation_duration: 1}
$data merge entity $(bone_cape) {transformation: [-1f,0f,0f,-0.0313f,0f,0.9881f,-0.1541f,0.3886f,0f,-0.1541f,-0.9881f,0.0865f,0f,0f,0f,1f],start_interpolation: 0,interpolation_duration: 1}
$data merge entity $(bone_hat) {transformation: [-0.9522f,-0.298f,0.0679f,-0.0567f,-0.2828f,0.9433f,0.174f,0.8487f,-0.1159f,0.1465f,-0.9824f,-0.0583f,0f,0f,0f,1f],start_interpolation: 0,interpolation_duration: 1}
$data merge entity $(bone_head_hat) {transformation: [-0.9745f,-0.2139f,0.0679f,0.0033f,-0.1995f,0.9643f,0.174f,0.5275f,-0.1027f,0.1561f,-0.9824f,-0.0039f,0f,0f,0f,1f],start_interpolation: 0,interpolation_duration: 1}
$data merge entity $(bone_rightarm) {transformation: [-0.9902f,-0.1394f,0.0118f,-0.2029f,-0.1393f,0.9902f,0.0034f,0.5015f,-0.0122f,0.0017f,-0.9999f,-0.0513f,0f,0f,0f,1f],start_interpolation: 0,interpolation_duration: 1}
$data merge entity $(bone_leftarm) {transformation: [-0.8639f,0.3127f,0.3949f,0.1766f,-0.0469f,0.7306f,-0.6812f,0.4989f,-0.5015f,-0.607f,-0.6164f,-0.1329f,0f,0f,0f,1f],start_interpolation: 0,interpolation_duration: 1}
$data merge entity $(bone_staff) {transformation: [0.623f,-0.4145f,-0.9974f,0.2693f,-0.5506f,0.8687f,-0.705f,0.4929f,0.9292f,0.7927f,0.251f,0.2248f,0f,0f,0f,1f],start_interpolation: 0,interpolation_duration: 1}
$data merge entity $(bone_jacket) {transformation: [-0.9884f,-0.0252f,0.1498f,-0.0098f,-0.0099f,0.9948f,0.1018f,0.522f,-0.1515f,0.0992f,-0.9835f,-0.0056f,0f,0f,0f,1f],start_interpolation: 0,interpolation_duration: 1}