# This file was generated by Animated Java via MC-Build. It is not recommended to edit this file directly.
$data merge entity $(bone_rightleg) {transformation: [-0.9799f,-0.004f,0.1993f,-0.2545f,-0.0113f,0.9993f,-0.0355f,0.0757f,-0.199f,-0.037f,-0.9793f,0.2034f,0f,0f,0f,1f],start_interpolation: 0,interpolation_duration: 1}
$data merge entity $(bone_leftleg) {transformation: [-0.9916f,-0.0012f,0.1291f,0.0018f,0f,1f,0.0096f,0.5229f,-0.1291f,0.0095f,-0.9916f,-0.082f,0f,0f,0f,1f],start_interpolation: 0,interpolation_duration: 1}
$data merge entity $(bone_bottom) {transformation: [-0.9999f,-0.0116f,0.002f,0f,-0.0115f,0.9993f,0.0353f,0.5204f,-0.0024f,0.0353f,-0.9994f,-0.0063f,0f,0f,0f,1f],start_interpolation: 0,interpolation_duration: 1}
$data merge entity $(bone_cape) {transformation: [-1f,0f,0f,-0.0313f,0f,0.9806f,-0.1958f,0.3825f,0f,-0.1958f,-0.9806f,0.0899f,0f,0f,0f,1f],start_interpolation: 0,interpolation_duration: 1}
$data merge entity $(bone_hat) {transformation: [-0.9499f,-0.3022f,0.0794f,-0.0579f,-0.2827f,0.9395f,0.1936f,0.8478f,-0.1331f,0.1615f,-0.9779f,-0.0593f,0f,0f,0f,1f],start_interpolation: 0,interpolation_duration: 1}
$data merge entity $(bone_head_hat) {transformation: [-0.9727f,-0.2182f,0.0794f,0.0022f,-0.1997f,0.9605f,0.1936f,0.5258f,-0.1185f,0.1725f,-0.9779f,-0.0105f,0f,0f,0f,1f],start_interpolation: 0,interpolation_duration: 1}
$data merge entity $(bone_rightarm) {transformation: [-0.987f,-0.1608f,0.0059f,-0.2084f,-0.1603f,0.9858f,0.0508f,0.5015f,-0.014f,0.0492f,-0.9987f,-0.051f,0f,0f,0f,1f],start_interpolation: 0,interpolation_duration: 1}
$data merge entity $(bone_leftarm) {transformation: [-0.8175f,0.3734f,0.4386f,0.1772f,-0.0594f,0.7027f,-0.709f,0.4982f,-0.5729f,-0.6057f,-0.5522f,-0.1483f,0f,0f,0f,1f],start_interpolation: 0,interpolation_duration: 1}
$data merge entity $(bone_staff) {transformation: [0.6216f,-0.4147f,-0.9982f,0.2396f,-0.5721f,0.8508f,-0.7097f,0.5005f,0.9171f,0.8118f,0.2339f,0.2335f,0f,0f,0f,1f],start_interpolation: 0,interpolation_duration: 1}
$data merge entity $(bone_jacket) {transformation: [-0.9841f,-0.03f,0.175f,-0.0116f,-0.0101f,0.9935f,0.1133f,0.522f,-0.1773f,0.1098f,-0.978f,-0.0052f,0f,0f,0f,1f],start_interpolation: 0,interpolation_duration: 1}