# This file was generated by Animated Java via MC-Build. It is not recommended to edit this file directly.
$data merge entity $(bone_rightleg) {transformation: [-0.9742f,-0.0026f,0.2256f,-0.2641f,-0.0098f,0.9995f,-0.0306f,0.0756f,-0.2254f,-0.0321f,-0.9737f,0.1962f,0f,0f,0f,1f],start_interpolation: 0,interpolation_duration: 1}
$data merge entity $(bone_leftleg) {transformation: [-0.9891f,-0.0012f,0.1475f,0.0021f,0f,1f,0.0084f,0.5231f,-0.1475f,0.0083f,-0.989f,-0.0924f,0f,0f,0f,1f],start_interpolation: 0,interpolation_duration: 1}
$data merge entity $(bone_bottom) {transformation: [-0.9999f,-0.0113f,0.0019f,0f,-0.0113f,0.9993f,0.0346f,0.5204f,-0.0023f,0.0345f,-0.9994f,-0.0067f,0f,0f,0f,1f],start_interpolation: 0,interpolation_duration: 1}
$data merge entity $(bone_cape) {transformation: [-1f,0f,0f,-0.0313f,0f,0.9698f,-0.2437f,0.3757f,0f,-0.2437f,-0.9698f,0.088f,0f,0f,0f,1f],start_interpolation: 0,interpolation_duration: 1}
$data merge entity $(bone_hat) {transformation: [-0.9494f,-0.3009f,0.0899f,-0.0587f,-0.2788f,0.9395f,0.1992f,0.8445f,-0.1443f,0.164f,-0.9758f,-0.0722f,0f,0f,0f,1f],start_interpolation: 0,interpolation_duration: 1}
$data merge entity $(bone_head_hat) {transformation: [-0.972f,-0.217f,0.0899f,0f,-0.1959f,0.9602f,0.1992f,0.522f,-0.1295f,0.176f,-0.9758f,-0.0247f,0f,0f,0f,1f],start_interpolation: 0,interpolation_duration: 1}
$data merge entity $(bone_rightarm) {transformation: [-0.9846f,-0.175f,0.0006f,-0.2134f,-0.1744f,0.9811f,0.0837f,0.5015f,-0.0152f,0.0823f,-0.9965f,-0.0525f,0f,0f,0f,1f],start_interpolation: 0,interpolation_duration: 1}
$data merge entity $(bone_leftarm) {transformation: [-0.7783f,0.4195f,0.4673f,0.1778f,-0.0751f,0.6767f,-0.7325f,0.4969f,-0.6234f,-0.6051f,-0.4951f,-0.1642f,0f,0f,0f,1f],start_interpolation: 0,interpolation_duration: 1}
$data merge entity $(bone_staff) {transformation: [0.6201f,-0.4056f,-1.0029f,0.2129f,-0.5882f,0.8437f,-0.705f,0.5085f,0.9079f,0.8237f,0.2283f,0.2374f,0f,0f,0f,1f],start_interpolation: 0,interpolation_duration: 1}
$data merge entity $(bone_jacket) {transformation: [-0.9802f,-0.0316f,0.1956f,-0.0132f,-0.0088f,0.9932f,0.1164f,0.522f,-0.1979f,0.1124f,-0.9738f,-0.0077f,0f,0f,0f,1f],start_interpolation: 0,interpolation_duration: 1}