# This file was generated by Animated Java via MC-Build. It is not recommended to edit this file directly.
$data merge entity $(bone_rightleg) {transformation: [-0.9693f,-0.0012f,0.2459f,-0.2717f,-0.0062f,0.9998f,-0.0193f,0.0752f,-0.2459f,-0.0202f,-0.9691f,0.1892f,0f,0f,0f,1f],start_interpolation: 0,interpolation_duration: 1}
$data merge entity $(bone_leftleg) {transformation: [-0.9867f,-0.0009f,0.1626f,0.0023f,0f,1f,0.0053f,0.5231f,-0.1626f,0.0052f,-0.9867f,-0.1027f,0f,0f,0f,1f],start_interpolation: 0,interpolation_duration: 1}
$data merge entity $(bone_bottom) {transformation: [-1f,-0.0096f,0.0017f,0f,-0.0095f,0.9995f,0.0292f,0.5207f,-0.002f,0.0291f,-0.9996f,-0.0095f,0f,0f,0f,1f],start_interpolation: 0,interpolation_duration: 1}
$data merge entity $(bone_cape) {transformation: [-1f,0f,0f,-0.0313f,0f,0.9545f,-0.2982f,0.3683f,0f,-0.2982f,-0.9545f,0.0796f,0f,0f,0f,1f],start_interpolation: 0,interpolation_duration: 1}
$data merge entity $(bone_hat) {transformation: [-0.9513f,-0.2919f,0.0988f,-0.0594f,-0.2704f,0.9445f,0.1864f,0.8379f,-0.1477f,0.1507f,-0.9775f,-0.1043f,0f,0f,0f,1f],start_interpolation: 0,interpolation_duration: 1}
$data merge entity $(bone_head_hat) {transformation: [-0.9732f,-0.2079f,0.0988f,-0.0045f,-0.1871f,0.9645f,0.1864f,0.5154f,-0.134f,0.163f,-0.9775f,-0.0525f,0f,0f,0f,1f],start_interpolation: 0,interpolation_duration: 1}
$data merge entity $(bone_rightarm) {transformation: [-0.9837f,-0.18f,-0.0019f,-0.2175f,-0.1794f,0.9789f,0.0974f,0.5015f,-0.0157f,0.0961f,-0.9952f,-0.0562f,0f,0f,0f,1f],start_interpolation: 0,interpolation_duration: 1}
$data merge entity $(bone_leftarm) {transformation: [-0.7545f,0.4445f,0.4829f,0.1781f,-0.0957f,0.6534f,-0.751f,0.4948f,-0.6493f,-0.6128f,-0.4504f,-0.1802f,0f,0f,0f,1f],start_interpolation: 0,interpolation_duration: 1}
$data merge entity $(bone_staff) {transformation: [0.6207f,-0.4004f,-1.0046f,0.1939f,-0.5828f,0.8519f,-0.6996f,0.5184f,0.911f,0.8178f,0.2369f,0.2375f,0f,0f,0f,1f],start_interpolation: 0,interpolation_duration: 1}
$data merge entity $(bone_jacket) {transformation: [-0.9773f,-0.0283f,0.2098f,-0.0146f,-0.0055f,0.9941f,0.1086f,0.522f,-0.2116f,0.1049f,-0.9717f,-0.014f,0f,0f,0f,1f],start_interpolation: 0,interpolation_duration: 1}