# This file was generated by Animated Java via MC-Build. It is not recommended to edit this file directly.
$data merge entity $(bone_cape) {transformation: [-0.9995f,-0.0191f,0.0233f,-0.0329f,-0.0194f,0.9997f,-0.0131f,0.4124f,-0.0231f,-0.0136f,-0.9996f,0.038f,0f,0f,0f,1f],start_interpolation: 0,interpolation_duration: 1}
$data merge entity $(bone_hat) {transformation: [-0.9688f,-0.2444f,0.0414f,-0.0456f,-0.2416f,0.9684f,0.0619f,0.8381f,-0.0552f,0.05f,-0.9972f,-0.1053f,0f,0f,0f,1f],start_interpolation: 0,interpolation_duration: 1}
$data merge entity $(bone_head_hat) {transformation: [-0.9864f,-0.159f,0.0414f,0f,-0.1563f,0.9858f,0.0619f,0.522f,-0.0506f,0.0546f,-0.9972f,-0.0174f,0f,0f,0f,1f],start_interpolation: 0,interpolation_duration: 1}
$data merge entity $(bone_rightarm) {transformation: [-0.9835f,0.0544f,0.1727f,-0.1736f,0f,0.9537f,-0.3007f,0.5015f,-0.181f,-0.2957f,-0.938f,-0.0625f,0f,0f,0f,1f],start_interpolation: 0,interpolation_duration: 1}
$data merge entity $(bone_leftarm) {transformation: [-0.9858f,0.055f,0.1587f,0.182f,-0.0323f,0.8649f,-0.5008f,0.5015f,-0.1648f,-0.4988f,-0.8509f,-0.0306f,0f,0f,0f,1f],start_interpolation: 0,interpolation_duration: 1}
$data merge entity $(bone_staff) {transformation: [0.4469f,-0.2256f,-1.142f,0.4194f,-0.5399f,1.0436f,-0.4174f,0.4375f,1.0313f,0.6441f,0.2764f,0.1394f,0f,0f,0f,1f],start_interpolation: 0,interpolation_duration: 1}
$data merge entity $(bone_jacket) {transformation: [-0.9996f,-0.0003f,0.0298f,0f,0f,0.9999f,0.0115f,0.522f,-0.0298f,0.0115f,-0.9995f,-0.0247f,0f,0f,0f,1f],start_interpolation: 0,interpolation_duration: 1}