# This file was generated by Animated Java via MC-Build. It is not recommended to edit this file directly.
$data merge entity $(bone_cape) {transformation: [-0.9973f,-0.0483f,0.0559f,-0.0348f,-0.0498f,0.9984f,-0.0257f,0.4121f,-0.0546f,-0.0284f,-0.9981f,0.0382f,0f,0f,0f,1f],start_interpolation: 0,interpolation_duration: 1}
$data merge entity $(bone_hat) {transformation: [-0.9688f,-0.2405f,-0.0599f,-0.055f,-0.2447f,0.9667f,0.0754f,0.839f,0.0398f,0.0877f,-0.9954f,-0.1132f,0f,0f,0f,1f],start_interpolation: 0,interpolation_duration: 1}
$data merge entity $(bone_head_hat) {transformation: [-0.9861f,-0.1552f,-0.0599f,0f,-0.1595f,0.9843f,0.0754f,0.522f,0.0473f,0.0839f,-0.9954f,-0.0347f,0f,0f,0f,1f],start_interpolation: 0,interpolation_duration: 1}
$data merge entity $(bone_rightarm) {transformation: [-0.9967f,-0.0245f,-0.0778f,-0.1736f,0f,0.9537f,-0.3007f,0.5015f,0.0816f,-0.2997f,-0.9505f,-0.0625f,0f,0f,0f,1f],start_interpolation: 0,interpolation_duration: 1}
$data merge entity $(bone_leftarm) {transformation: [-0.9682f,-0.1049f,0.2271f,0.1838f,-0.2079f,0.8424f,-0.4971f,0.5015f,-0.1391f,-0.5285f,-0.8374f,-0.0168f,0f,0f,0f,1f],start_interpolation: 0,interpolation_duration: 1}
$data merge entity $(bone_staff) {transformation: [0.3678f,-0.733f,-0.9393f,0.4076f,-0.5399f,0.7738f,-0.8152f,0.4375f,1.0621f,0.6472f,-0.0891f,0.1707f,0f,0f,0f,1f],start_interpolation: 0,interpolation_duration: 1}
$data merge entity $(bone_jacket) {transformation: [-0.999f,-0.0018f,0.0436f,0f,0f,0.9992f,0.0404f,0.522f,-0.0436f,0.0404f,-0.9982f,-0.0247f,0f,0f,0f,1f],start_interpolation: 0,interpolation_duration: 1}