# This file was generated by Animated Java via MC-Build. It is not recommended to edit this file directly.
$data merge entity $(bone_cape) {transformation: [-1f,0f,0f,-0.0313f,0f,1f,0f,0.4126f,0f,0f,-1f,0.0378f,0f,0f,0f,1f],start_interpolation: 0,interpolation_duration: 1}
$data merge entity $(bone_hat) {transformation: [-0.9677f,-0.245f,-0.0597f,-0.0564f,-0.2484f,0.9668f,0.0593f,0.8375f,0.0432f,0.0722f,-0.9965f,-0.1194f,0f,0f,0f,1f],start_interpolation: 0,interpolation_duration: 1}
$data merge entity $(bone_head_hat) {transformation: [-0.9854f,-0.1597f,-0.0597f,0f,-0.1632f,0.9848f,0.0593f,0.522f,0.0493f,0.0681f,-0.9965f,-0.0359f,0f,0f,0f,1f],start_interpolation: 0,interpolation_duration: 1}
$data merge entity $(bone_rightarm) {transformation: [-0.9848f,-0.0522f,-0.1656f,-0.1736f,0f,0.9537f,-0.3007f,0.5015f,0.1736f,-0.2961f,-0.9392f,-0.0625f,0f,0f,0f,1f],start_interpolation: 0,interpolation_duration: 1}
$data merge entity $(bone_leftarm) {transformation: [-0.9834f,-0.1812f,0.0068f,0.1736f,-0.1606f,0.8533f,-0.4961f,0.5015f,0.0841f,-0.489f,-0.8682f,-0.0625f,0f,0f,0f,1f],start_interpolation: 0,interpolation_duration: 1}
$data merge entity $(bone_staff) {transformation: [0.6235f,0f,-1.0799f,0.4375f,-0.5399f,1.0799f,-0.3117f,0.4375f,0.9352f,0.6235f,0.5399f,0.0625f,0f,0f,0f,1f],start_interpolation: 0,interpolation_duration: 1}
$data merge entity $(bone_jacket) {transformation: [-0.9999f,0.0003f,-0.0134f,0f,0f,0.9997f,0.0237f,0.522f,0.0134f,0.0237f,-0.9996f,-0.0247f,0f,0f,0f,1f],start_interpolation: 0,interpolation_duration: 1}