# This file was generated by Animated Java via MC-Build. It is not recommended to edit this file directly.
$data merge entity $(bone_cape) {transformation: [-0.999f,0.0337f,-0.0281f,-0.0313f,0.0335f,0.9994f,0.009f,0.4126f,0.0284f,0.008f,-0.9996f,0.0378f,0f,0f,0f,1f],start_interpolation: 0,interpolation_duration: 1}
$data merge entity $(bone_hat) {transformation: [-0.9671f,-0.2489f,-0.0531f,-0.057f,-0.2513f,0.9669f,0.0452f,0.8361f,0.0401f,0.0571f,-0.9976f,-0.1239f,0f,0f,0f,1f],start_interpolation: 0,interpolation_duration: 1}
$data merge entity $(bone_head_hat) {transformation: [-0.9851f,-0.1636f,-0.0531f,0f,-0.1661f,0.9851f,0.0452f,0.522f,0.045f,0.0534f,-0.9976f,-0.0356f,0f,0f,0f,1f],start_interpolation: 0,interpolation_duration: 1}
$data merge entity $(bone_rightarm) {transformation: [-0.9782f,-0.0624f,-0.1979f,-0.1736f,0f,0.9537f,-0.3007f,0.5015f,0.2076f,-0.2942f,-0.9329f,-0.0625f,0f,0f,0f,1f],start_interpolation: 0,interpolation_duration: 1}
$data merge entity $(bone_leftarm) {transformation: [-0.9616f,-0.2195f,-0.1646f,0.1581f,-0.1116f,0.861f,-0.4961f,0.5015f,0.2507f,-0.4587f,-0.8525f,-0.0952f,0f,0f,0f,1f],start_interpolation: 0,interpolation_duration: 1}
$data merge entity $(bone_staff) {transformation: [0.7939f,0.2295f,-0.9337f,0.4413f,-0.5399f,1.1084f,-0.1867f,0.4375f,0.7956f,0.5232f,0.8051f,-0.0241f,0f,0f,0f,1f],start_interpolation: 0,interpolation_duration: 1}
$data merge entity $(bone_jacket) {transformation: [-0.9982f,0.0006f,-0.0596f,0f,0f,1f,0.0094f,0.522f,0.0596f,0.0094f,-0.9982f,-0.0247f,0f,0f,0f,1f],start_interpolation: 0,interpolation_duration: 1}