# This file was generated by Animated Java via MC-Build. It is not recommended to edit this file directly.
$data merge entity $(bone_cape) {transformation: [-0.9963f,0.0689f,-0.0516f,-0.0313f,0.0683f,0.9976f,0.0126f,0.4126f,0.0524f,0.009f,-0.9986f,0.0378f,0f,0f,0f,1f],start_interpolation: 0,interpolation_duration: 1}
$data merge entity $(bone_hat) {transformation: [-0.9668f,-0.2521f,-0.0424f,-0.0569f,-0.2535f,0.9668f,0.0331f,0.8349f,0.0326f,0.0427f,-0.9986f,-0.127f,0f,0f,0f,1f],start_interpolation: 0,interpolation_duration: 1}
$data merge entity $(bone_head_hat) {transformation: [-0.9851f,-0.1669f,-0.0424f,0f,-0.1683f,0.9852f,0.0331f,0.522f,0.0362f,0.0397f,-0.9986f,-0.0343f,0f,0f,0f,1f],start_interpolation: 0,interpolation_duration: 1}
$data merge entity $(bone_rightarm) {transformation: [-0.9813f,-0.0579f,-0.1838f,-0.1736f,0f,0.9537f,-0.3007f,0.5015f,0.1927f,-0.2951f,-0.9358f,-0.0625f,0f,0f,0f,1f],start_interpolation: 0,interpolation_duration: 1}
$data merge entity $(bone_leftarm) {transformation: [-0.9663f,-0.1793f,-0.1849f,0.156f,-0.0654f,0.8652f,-0.4971f,0.5015f,0.2491f,-0.4683f,-0.8477f,-0.0986f,0f,0f,0f,1f],start_interpolation: 0,interpolation_duration: 1}
$data merge entity $(bone_staff) {transformation: [0.8111f,0.3187f,-0.8919f,0.4407f,-0.5399f,1.1203f,-0.0908f,0.4375f,0.7781f,0.4452f,0.8667f,-0.0337f,0f,0f,0f,1f],start_interpolation: 0,interpolation_duration: 1}
$data merge entity $(bone_jacket) {transformation: [-0.9962f,0f,-0.0872f,0f,0f,1f,0f,0.522f,0.0872f,0f,-0.9962f,-0.0247f,0f,0f,0f,1f],start_interpolation: 0,interpolation_duration: 1}