# This file was generated by Animated Java via MC-Build. It is not recommended to edit this file directly.
$data merge entity $(bone_cape) {transformation: [-0.9925f,0.1f,-0.07f,-0.0313f,0.0993f,0.995f,0.0131f,0.4126f,0.0709f,0.006f,-0.9975f,0.0378f,0f,0f,0f,1f],start_interpolation: 0,interpolation_duration: 1}
$data merge entity $(bone_hat) {transformation: [-0.9666f,-0.2546f,-0.0295f,-0.0563f,-0.2552f,0.9666f,0.0227f,0.8338f,0.0228f,0.0294f,-0.9993f,-0.1289f,0f,0f,0f,1f],start_interpolation: 0,interpolation_duration: 1}
$data merge entity $(bone_head_hat) {transformation: [-0.9851f,-0.1693f,-0.0295f,0f,-0.17f,0.9852f,0.0227f,0.522f,0.0253f,0.0273f,-0.9993f,-0.0323f,0f,0f,0f,1f],start_interpolation: 0,interpolation_duration: 1}
$data merge entity $(bone_rightarm) {transformation: [-0.9892f,-0.0441f,-0.1399f,-0.1736f,0f,0.9537f,-0.3007f,0.5015f,0.1467f,-0.2975f,-0.9434f,-0.0625f,0f,0f,0f,1f],start_interpolation: 0,interpolation_duration: 1}
$data merge entity $(bone_leftarm) {transformation: [-0.9759f,-0.1307f,-0.1748f,0.1573f,-0.0267f,0.8664f,-0.4987f,0.5015f,0.2166f,-0.482f,-0.849f,-0.0965f,0f,0f,0f,1f],start_interpolation: 0,interpolation_duration: 1}
$data merge entity $(bone_staff) {transformation: [0.8004f,0.3657f,-0.8834f,0.4411f,-0.5399f,1.1237f,-0.024f,0.4375f,0.7891f,0.3979f,0.8797f,-0.0277f,0f,0f,0f,1f],start_interpolation: 0,interpolation_duration: 1}
$data merge entity $(bone_jacket) {transformation: [-0.9955f,-0.0005f,-0.0943f,0f,0f,1f,-0.0051f,0.522f,0.0943f,-0.005f,-0.9955f,-0.0247f,0f,0f,0f,1f],start_interpolation: 0,interpolation_duration: 1}