# This file was generated by Animated Java via MC-Build. It is not recommended to edit this file directly.
$data merge entity $(bone_cape) {transformation: [-0.9891f,0.1221f,-0.0821f,-0.0313f,0.1215f,0.9925f,0.0121f,0.4126f,0.0829f,0.002f,-0.9966f,0.0378f,0f,0f,0f,1f],start_interpolation: 0,interpolation_duration: 1}
$data merge entity $(bone_hat) {transformation: [-0.9664f,-0.2563f,-0.0168f,-0.0555f,-0.2566f,0.9664f,0.0138f,0.8328f,0.0127f,0.0176f,-0.9998f,-0.1301f,0f,0f,0f,1f],start_interpolation: 0,interpolation_duration: 1}
$data merge entity $(bone_head_hat) {transformation: [-0.9851f,-0.1711f,-0.0168f,0f,-0.1714f,0.9851f,0.0138f,0.522f,0.0142f,0.0165f,-0.9998f,-0.03f,0f,0f,0f,1f],start_interpolation: 0,interpolation_duration: 1}
$data merge entity $(bone_rightarm) {transformation: [-0.9962f,-0.0262f,-0.0831f,-0.1736f,0f,0.9537f,-0.3007f,0.5015f,0.0872f,-0.2996f,-0.9501f,-0.0625f,0f,0f,0f,1f],start_interpolation: 0,interpolation_duration: 1}
$data merge entity $(bone_leftarm) {transformation: [-0.9856f,-0.0844f,-0.1462f,0.1606f,0f,0.866f,-0.5f,0.5015f,0.1689f,-0.4928f,-0.8536f,-0.0909f,0f,0f,0f,1f],start_interpolation: 0,interpolation_duration: 1}
$data merge entity $(bone_staff) {transformation: [0.7724f,0.383f,-0.9008f,0.4418f,-0.5399f,1.1239f,0.0149f,0.4375f,0.8165f,0.3809f,0.8621f,-0.0123f,0f,0f,0f,1f],start_interpolation: 0,interpolation_duration: 1}
$data merge entity $(bone_jacket) {transformation: [-0.9965f,-0.0005f,-0.0839f,0f,0f,1f,-0.0065f,0.522f,0.0839f,-0.0064f,-0.9965f,-0.0247f,0f,0f,0f,1f],start_interpolation: 0,interpolation_duration: 1}