# This file was generated by Animated Java via MC-Build. It is not recommended to edit this file directly.
$data merge entity $(bone_cape) {transformation: [-0.9877f,0.1305f,-0.0864f,-0.0313f,0.13f,0.9914f,0.0114f,0.4126f,0.0872f,0f,-0.9962f,0.0378f,0f,0f,0f,1f],start_interpolation: 0,interpolation_duration: 1}
$data merge entity $(bone_hat) {transformation: [-0.9662f,-0.2577f,-0.0062f,-0.0548f,-0.2577f,0.9662f,0.0063f,0.832f,0.0044f,0.0077f,-1f,-0.1307f,0f,0f,0f,1f],start_interpolation: 0,interpolation_duration: 1}
$data merge entity $(bone_head_hat) {transformation: [-0.985f,-0.1725f,-0.0062f,0f,-0.1725f,0.985f,0.0063f,0.522f,0.005f,0.0073f,-1f,-0.0277f,0f,0f,0f,1f],start_interpolation: 0,interpolation_duration: 1}
$data merge entity $(bone_rightarm) {transformation: [-0.9995f,-0.0097f,-0.0306f,-0.1736f,0f,0.9537f,-0.3007f,0.5015f,0.0321f,-0.3006f,-0.9532f,-0.0625f,0f,0f,0f,1f],start_interpolation: 0,interpolation_duration: 1}
$data merge entity $(bone_leftarm) {transformation: [-0.9933f,-0.0433f,-0.1068f,0.1647f,0.0161f,0.8654f,-0.5009f,0.5015f,0.1142f,-0.4993f,-0.8589f,-0.0833f,0f,0f,0f,1f],start_interpolation: 0,interpolation_duration: 1}
$data merge entity $(bone_staff) {transformation: [0.7333f,0.3752f,-0.9362f,0.4419f,-0.5399f,1.1236f,0.0274f,0.4375f,0.8518f,0.3892f,0.8232f,0.0085f,0f,0f,0f,1f],start_interpolation: 0,interpolation_duration: 1}
$data merge entity $(bone_jacket) {transformation: [-0.998f,-0.0003f,-0.0627f,0f,0f,1f,-0.0055f,0.522f,0.0627f,-0.0054f,-0.998f,-0.0247f,0f,0f,0f,1f],start_interpolation: 0,interpolation_duration: 1}