# This file was generated by Animated Java via MC-Build. It is not recommended to edit this file directly.
$data merge entity $(bone_cape) {transformation: [-0.9892f,0.1224f,-0.0811f,-0.0313f,0.122f,0.9925f,0.01f,0.4126f,0.0817f,0f,-0.9967f,0.0378f,0f,0f,0f,1f],start_interpolation: 0,interpolation_duration: 1}
$data merge entity $(bone_hat) {transformation: [-0.9659f,-0.2588f,0f,-0.0545f,-0.2588f,0.9659f,0f,0.8313f,0f,0f,-1f,-0.1311f,0f,0f,0f,1f],start_interpolation: 0,interpolation_duration: 1}
$data merge entity $(bone_head_hat) {transformation: [-0.9848f,-0.1736f,0f,0f,-0.1736f,0.9848f,0f,0.522f,0f,0f,-1f,-0.0259f,0f,0f,0f,1f],start_interpolation: 0,interpolation_duration: 1}
$data merge entity $(bone_rightarm) {transformation: [-1f,0f,0f,-0.1736f,0f,0.9537f,-0.3007f,0.5015f,0f,-0.3007f,-0.9537f,-0.0625f,0f,0f,0f,1f],start_interpolation: 0,interpolation_duration: 1}
$data merge entity $(bone_leftarm) {transformation: [-0.9979f,-0.0113f,-0.0641f,0.1686f,0.0224f,0.865f,-0.5013f,0.5015f,0.0611f,-0.5017f,-0.8629f,-0.0749f,0f,0f,0f,1f],start_interpolation: 0,interpolation_duration: 1}
$data merge entity $(bone_staff) {transformation: [0.6898f,0.3289f,-0.9853f,0.4409f,-0.5399f,1.124f,-0.0028f,0.4375f,0.8874f,0.4282f,0.7642f,0.0305f,0f,0f,0f,1f],start_interpolation: 0,interpolation_duration: 1}
$data merge entity $(bone_jacket) {transformation: [-0.9993f,-0.0001f,-0.0372f,0f,0f,1f,-0.0032f,0.522f,0.0372f,-0.0032f,-0.9993f,-0.0247f,0f,0f,0f,1f],start_interpolation: 0,interpolation_duration: 1}