# This file was generated by Animated Java via MC-Build. It is not recommended to edit this file directly.
$data merge entity $(bone_cape) {transformation: [-0.9925f,0.1016f,-0.0675f,-0.0313f,0.1014f,0.9948f,0.0069f,0.4126f,0.0678f,0f,-0.9977f,0.0378f,0f,0f,0f,1f],start_interpolation: 0,interpolation_duration: 1}
$data merge entity $(bone_hat) {transformation: [-0.9659f,-0.2588f,0f,-0.0545f,-0.2588f,0.9659f,0f,0.8313f,0f,0f,-1f,-0.13f,0f,0f,0f,1f],start_interpolation: 0,interpolation_duration: 1}
$data merge entity $(bone_head_hat) {transformation: [-0.9848f,-0.1736f,0f,0f,-0.1736f,0.9848f,0f,0.522f,0f,0f,-1f,-0.0247f,0f,0f,0f,1f],start_interpolation: 0,interpolation_duration: 1}
$data merge entity $(bone_leftarm) {transformation: [-0.9996f,0.0097f,-0.0261f,0.1717f,0.0215f,0.865f,-0.5012f,0.5015f,0.0177f,-0.5016f,-0.8649f,-0.0675f,0f,0f,0f,1f],start_interpolation: 0,interpolation_duration: 1}
$data merge entity $(bone_staff) {transformation: [0.6501f,0.242f,-1.0362f,0.4391f,-0.5399f,1.1213f,-0.0769f,0.4375f,0.9169f,0.4888f,0.6894f,0.0499f,0f,0f,0f,1f],start_interpolation: 0,interpolation_duration: 1}
$data merge entity $(bone_jacket) {transformation: [-0.9999f,0f,-0.014f,0f,0f,1f,-0.001f,0.522f,0.014f,-0.001f,-0.9999f,-0.0247f,0f,0f,0f,1f],start_interpolation: 0,interpolation_duration: 1}