# This file was generated by Animated Java via MC-Build. It is not recommended to edit this file directly.
$data merge entity $(bone_cape) {transformation: [-0.9971f,-0.0467f,0.0595f,-0.0355f,-0.0486f,0.9983f,-0.0312f,0.412f,-0.058f,-0.034f,-0.9977f,0.0383f,0f,0f,0f,1f],start_interpolation: 0,interpolation_duration: 1}
$data merge entity $(bone_hat) {transformation: [-0.9671f,-0.2319f,0.1046f,-0.0351f,-0.2152f,0.9651f,0.1492f,0.8455f,-0.1355f,0.1218f,-0.9833f,-0.0682f,0f,0f,0f,1f],start_interpolation: 0,interpolation_duration: 1}
$data merge entity $(bone_head_hat) {transformation: [-0.9836f,-0.1467f,0.1046f,0f,-0.1303f,0.9802f,0.1492f,0.522f,-0.1244f,0.1331f,-0.9833f,-0.0065f,0f,0f,0f,1f],start_interpolation: 0,interpolation_duration: 1}
$data merge entity $(bone_rightarm) {transformation: [-0.8993f,0.1315f,0.4171f,-0.1736f,0f,0.9537f,-0.3007f,0.5015f,-0.4374f,-0.2704f,-0.8577f,-0.0625f,0f,0f,0f,1f],start_interpolation: 0,interpolation_duration: 1}
$data merge entity $(bone_leftarm) {transformation: [-0.9142f,0.1386f,0.3809f,0.1836f,-0.0788f,0.861f,-0.5025f,0.5015f,-0.3976f,-0.4894f,-0.7762f,0.0179f,0f,0f,0f,1f],start_interpolation: 0,interpolation_duration: 1}
$data merge entity $(bone_staff) {transformation: [0.1624f,-0.5532f,-1.1056f,0.3685f,-0.5399f,0.9714f,-0.5654f,0.4375f,1.1122f,0.5524f,-0.113f,0.244f,0f,0f,0f,1f],start_interpolation: 0,interpolation_duration: 1}
$data merge entity $(bone_jacket) {transformation: [-0.9971f,-0.0022f,0.0758f,0f,0f,0.9996f,0.0291f,0.522f,-0.0759f,0.029f,-0.9967f,-0.0247f,0f,0f,0f,1f],start_interpolation: 0,interpolation_duration: 1}