# This file was generated by Animated Java via MC-Build. It is not recommended to edit this file directly.
$data merge entity $(bone_cape) {transformation: [-0.9916f,-0.0773f,0.1034f,-0.0385f,-0.0828f,0.9953f,-0.0498f,0.4115f,-0.099f,-0.058f,-0.9934f,0.0386f,0f,0f,0f,1f],start_interpolation: 0,interpolation_duration: 1}
$data merge entity $(bone_hat) {transformation: [-0.9584f,-0.2299f,0.1693f,-0.0279f,-0.1879f,0.9544f,0.2321f,0.8501f,-0.2149f,0.1907f,-0.9578f,-0.0323f,0f,0f,0f,1f],start_interpolation: 0,interpolation_duration: 1}
$data merge entity $(bone_head_hat) {transformation: [-0.9748f,-0.1455f,0.1693f,0f,-0.104f,0.9671f,0.2321f,0.522f,-0.1975f,0.2087f,-0.9578f,0.0031f,0f,0f,0f,1f],start_interpolation: 0,interpolation_duration: 1}
$data merge entity $(bone_rightarm) {transformation: [-0.7691f,0.1922f,0.6095f,-0.1736f,0f,0.9537f,-0.3007f,0.5015f,-0.6391f,-0.2313f,-0.7335f,-0.0625f,0f,0f,0f,1f],start_interpolation: 0,interpolation_duration: 1}
$data merge entity $(bone_leftarm) {transformation: [-0.7709f,0.2334f,0.5927f,0.1707f,-0.1291f,0.8538f,-0.5042f,0.5015f,-0.6237f,-0.4653f,-0.6281f,0.0701f,0f,0f,0f,1f],start_interpolation: 0,interpolation_duration: 1}
$data merge entity $(bone_staff) {transformation: [-0.1648f,-0.8457f,-0.9014f,0.2826f,-0.5399f,0.8673f,-0.715f,0.4375f,1.1118f,0.2958f,-0.4808f,0.3398f,0f,0f,0f,1f],start_interpolation: 0,interpolation_duration: 1}
$data merge entity $(bone_jacket) {transformation: [-0.9918f,-0.0063f,0.1277f,0f,0f,0.9988f,0.0491f,0.522f,-0.1278f,0.0487f,-0.9906f,-0.0247f,0f,0f,0f,1f],start_interpolation: 0,interpolation_duration: 1}