# This file was generated by Animated Java via MC-Build. It is not recommended to edit this file directly.
$data merge entity $(bone_cape) {transformation: [-0.9831f,-0.1061f,0.1488f,-0.0415f,-0.1169f,0.991f,-0.0657f,0.411f,-0.1405f,-0.082f,-0.9867f,0.039f,0f,0f,0f,1f],start_interpolation: 0,interpolation_duration: 1}
$data merge entity $(bone_hat) {transformation: [-0.9484f,-0.2345f,0.2134f,-0.0249f,-0.1689f,0.9432f,0.286f,0.8518f,-0.2684f,0.2352f,-0.9342f,-0.0109f,0f,0f,0f,1f],start_interpolation: 0,interpolation_duration: 1}
$data merge entity $(bone_head_hat) {transformation: [-0.9652f,-0.151f,0.2134f,0f,-0.086f,0.9544f,0.286f,0.522f,-0.2469f,0.2577f,-0.9342f,0.0065f,0f,0f,0f,1f],start_interpolation: 0,interpolation_duration: 1}
$data merge entity $(bone_rightarm) {transformation: [-0.7071f,0.2126f,0.6744f,-0.1736f,0f,0.9537f,-0.3007f,0.5015f,-0.7071f,-0.2126f,-0.6744f,-0.0625f,0f,0f,0f,1f],start_interpolation: 0,interpolation_duration: 1}
$data merge entity $(bone_leftarm) {transformation: [-0.5949f,0.319f,0.7378f,0.1465f,-0.1731f,0.8455f,-0.5052f,0.5015f,-0.785f,-0.4282f,-0.4477f,0.1122f,0f,0f,0f,1f],start_interpolation: 0,interpolation_duration: 1}
$data merge entity $(bone_staff) {transformation: [-0.4491f,-0.9928f,-0.6062f,0.1842f,-0.5399f,0.7535f,-0.834f,0.4375f,1.0304f,-0.0378f,-0.7013f,0.4017f,0f,0f,0f,1f],start_interpolation: 0,interpolation_duration: 1}
$data merge entity $(bone_jacket) {transformation: [-0.9845f,-0.0119f,0.1748f,0f,0f,0.9977f,0.0678f,0.522f,-0.1752f,0.0668f,-0.9823f,-0.0247f,0f,0f,0f,1f],start_interpolation: 0,interpolation_duration: 1}