# This file was generated by Animated Java via MC-Build. It is not recommended to edit this file directly.
$data merge entity $(bone_cape) {transformation: [-0.9733f,-0.1297f,0.1895f,-0.0442f,-0.1464f,0.9862f,-0.077f,0.4106f,-0.1769f,-0.1027f,-0.9789f,0.0393f,0f,0f,0f,1f],start_interpolation: 0,interpolation_duration: 1}
$data merge entity $(bone_hat) {transformation: [-0.9399f,-0.24f,0.243f,-0.0238f,-0.1584f,0.9366f,0.3125f,0.8523f,-0.3026f,0.2552f,-0.9183f,-0.0053f,0f,0f,0f,1f],start_interpolation: 0,interpolation_duration: 1}
$data merge entity $(bone_head_hat) {transformation: [-0.9572f,-0.1572f,0.243f,0f,-0.0761f,0.9469f,0.3125f,0.522f,-0.2792f,0.2806f,-0.9183f,0.0032f,0f,0f,0f,1f],start_interpolation: 0,interpolation_duration: 1}
$data merge entity $(bone_rightarm) {transformation: [-0.7452f,0.2005f,0.636f,-0.1736f,0f,0.9537f,-0.3007f,0.5015f,-0.6668f,-0.2241f,-0.7107f,-0.0625f,0f,0f,0f,1f],start_interpolation: 0,interpolation_duration: 1}
$data merge entity $(bone_leftarm) {transformation: [-0.4723f,0.3562f,0.8062f,0.1242f,-0.2344f,0.831f,-0.5045f,0.5015f,-0.8497f,-0.4272f,-0.309f,0.1365f,0f,0f,0f,1f],start_interpolation: 0,interpolation_duration: 1}
$data merge entity $(bone_staff) {transformation: [-0.6254f,-1.0122f,-0.373f,0.1097f,-0.5399f,0.667f,-0.9047f,0.4375f,0.9339f,-0.2923f,-0.7728f,0.4281f,0f,0f,0f,1f],start_interpolation: 0,interpolation_duration: 1}
$data merge entity $(bone_jacket) {transformation: [-0.9781f,-0.017f,0.2074f,0f,0f,0.9967f,0.0817f,0.522f,-0.2081f,0.0799f,-0.9748f,-0.0247f,0f,0f,0f,1f],start_interpolation: 0,interpolation_duration: 1}