# This file was generated by Animated Java via MC-Build. It is not recommended to edit this file directly.
$data merge entity $(bone_cape) {transformation: [-0.9649f,-0.1453f,0.2186f,-0.0461f,-0.1669f,0.9824f,-0.0836f,0.4103f,-0.2026f,-0.1171f,-0.9722f,0.0396f,0f,0f,0f,1f],start_interpolation: 0,interpolation_duration: 1}
$data merge entity $(bone_hat) {transformation: [-0.9484f,-0.2345f,0.2134f,-0.0249f,-0.1689f,0.9432f,0.286f,0.8518f,-0.2684f,0.2352f,-0.9342f,-0.0212f,0f,0f,0f,1f],start_interpolation: 0,interpolation_duration: 1}
$data merge entity $(bone_head_hat) {transformation: [-0.9652f,-0.151f,0.2134f,0f,-0.086f,0.9544f,0.286f,0.522f,-0.2469f,0.2577f,-0.9342f,-0.0038f,0f,0f,0f,1f],start_interpolation: 0,interpolation_duration: 1}
$data merge entity $(bone_rightarm) {transformation: [-0.8223f,0.1711f,0.5426f,-0.1736f,0f,0.9537f,-0.3007f,0.5015f,-0.569f,-0.2473f,-0.7843f,-0.0625f,0f,0f,0f,1f],start_interpolation: 0,interpolation_duration: 1}
$data merge entity $(bone_leftarm) {transformation: [-0.373f,0.3891f,0.8423f,0.1028f,-0.2895f,0.8137f,-0.5041f,0.5015f,-0.8815f,-0.4318f,-0.1908f,0.1532f,0f,0f,0f,1f],start_interpolation: 0,interpolation_duration: 1}
$data merge entity $(bone_staff) {transformation: [-0.7557f,-0.9634f,-0.2359f,0.0457f,-0.5399f,0.6483f,-0.9182f,0.4375f,0.832f,-0.4543f,-0.8101f,0.4396f,0f,0f,0f,1f],start_interpolation: 0,interpolation_duration: 1}
$data merge entity $(bone_jacket) {transformation: [-0.9763f,-0.0189f,0.2156f,0f,0f,0.9962f,0.0872f,0.522f,-0.2164f,0.0851f,-0.9726f,-0.0247f,0f,0f,0f,1f],start_interpolation: 0,interpolation_duration: 1}