# This file was generated by Animated Java via MC-Build. It is not recommended to edit this file directly.
$data merge entity $(bone_cape) {transformation: [-0.9615f,-0.1511f,0.2297f,-0.0469f,-0.1746f,0.9809f,-0.0858f,0.4101f,-0.2124f,-0.1226f,-0.9695f,0.0396f,0f,0f,0f,1f],start_interpolation: 0,interpolation_duration: 1}
$data merge entity $(bone_hat) {transformation: [-0.9649f,-0.2258f,0.1338f,-0.0301f,-0.1901f,0.9528f,0.2369f,0.8502f,-0.181f,0.2032f,-0.9623f,-0.0456f,0f,0f,0f,1f],start_interpolation: 0,interpolation_duration: 1}
$data merge entity $(bone_head_hat) {transformation: [-0.981f,-0.1408f,0.1338f,0f,-0.1063f,0.9657f,0.2369f,0.522f,-0.1626f,0.2182f,-0.9623f,-0.0128f,0f,0f,0f,1f],start_interpolation: 0,interpolation_duration: 1}
$data merge entity $(bone_rightarm) {transformation: [-0.9062f,0.1272f,0.4033f,-0.1736f,0f,0.9537f,-0.3007f,0.5015f,-0.4228f,-0.2725f,-0.8643f,-0.0625f,0f,0f,0f,1f],start_interpolation: 0,interpolation_duration: 1}
$data merge entity $(bone_leftarm) {transformation: [-0.5057f,0.3122f,0.8043f,0.1242f,-0.2986f,0.8113f,-0.5026f,0.5015f,-0.8094f,-0.4943f,-0.3171f,0.1365f,0f,0f,0f,1f],start_interpolation: 0,interpolation_duration: 1}
$data merge entity $(bone_staff) {transformation: [-0.6254f,-1.0122f,-0.373f,0.1097f,-0.5399f,0.667f,-0.9047f,0.4375f,0.9339f,-0.2923f,-0.7728f,0.4281f,0f,0f,0f,1f],start_interpolation: 0,interpolation_duration: 1}
$data merge entity $(bone_jacket) {transformation: [-0.9803f,-0.0164f,0.1966f,0f,0f,0.9965f,0.0831f,0.522f,-0.1973f,0.0815f,-0.977f,-0.0247f,0f,0f,0f,1f],start_interpolation: 0,interpolation_duration: 1}