# This file was generated by Animated Java via MC-Build. It is not recommended to edit this file directly.
$data merge entity $(bone_cape) {transformation: [-0.9701f,-0.1372f,0.2003f,-0.0448f,-0.1554f,0.9848f,-0.0782f,0.4105f,-0.1865f,-0.1069f,-0.9766f,0.0394f,0f,0f,0f,1f],start_interpolation: 0,interpolation_duration: 1}
$data merge entity $(bone_hat) {transformation: [-0.974f,-0.2252f,0.0233f,-0.0413f,-0.2186f,0.9623f,0.1619f,0.8461f,-0.0589f,0.1526f,-0.9865f,-0.0766f,0f,0f,0f,1f],start_interpolation: 0,interpolation_duration: 1}
$data merge entity $(bone_head_hat) {transformation: [-0.99f,-0.1394f,0.0233f,0f,-0.1339f,0.9777f,0.1619f,0.522f,-0.0454f,0.1572f,-0.9865f,-0.0221f,0f,0f,0f,1f],start_interpolation: 0,interpolation_duration: 1}
$data merge entity $(bone_rightarm) {transformation: [-0.9691f,0.0741f,0.2351f,-0.1736f,0f,0.9537f,-0.3007f,0.5015f,-0.2465f,-0.2914f,-0.9243f,-0.0625f,0f,0f,0f,1f],start_interpolation: 0,interpolation_duration: 1}
$data merge entity $(bone_leftarm) {transformation: [-0.6763f,0.2017f,0.7084f,0.1525f,-0.2806f,0.8187f,-0.501f,0.5015f,-0.681f,-0.5377f,-0.4971f,0.1039f,0f,0f,0f,1f],start_interpolation: 0,interpolation_duration: 1}
$data merge entity $(bone_staff) {transformation: [-0.3916f,-1.1468f,-0.2937f,0.206f,-0.5399f,0.4483f,-1.0307f,0.4375f,1.0535f,-0.1966f,-0.6374f,0.391f,0f,0f,0f,1f],start_interpolation: 0,interpolation_duration: 1}
$data merge entity $(bone_jacket) {transformation: [-0.9876f,-0.0114f,0.1565f,0f,0f,0.9974f,0.0724f,0.522f,-0.157f,0.0715f,-0.985f,-0.0247f,0f,0f,0f,1f],start_interpolation: 0,interpolation_duration: 1}