# This file was generated by Animated Java via MC-Build. It is not recommended to edit this file directly.
$data merge entity $(bone_cape) {transformation: [-0.9862f,-0.0999f,0.1321f,-0.04f,-0.1082f,0.9925f,-0.0566f,0.4112f,-0.1255f,-0.0701f,-0.9896f,0.0388f,0f,0f,0f,1f],start_interpolation: 0,interpolation_duration: 1}
$data merge entity $(bone_hat) {transformation: [-0.9704f,-0.236f,-0.0516f,-0.0527f,-0.24f,0.9663f,0.0935f,0.8407f,0.0278f,0.1031f,-0.9943f,-0.1032f,0f,0f,0f,1f],start_interpolation: 0,interpolation_duration: 1}
$data merge entity $(bone_head_hat) {transformation: [-0.9873f,-0.1505f,-0.0516f,0f,-0.1549f,0.9835f,0.0935f,0.522f,0.0367f,0.1003f,-0.9943f,-0.03f,0f,0f,0f,1f],start_interpolation: 0,interpolation_duration: 1}
$data merge entity $(bone_rightarm) {transformation: [-0.9977f,0.0204f,0.0647f,-0.1736f,0f,0.9537f,-0.3007f,0.5015f,-0.0679f,-0.3f,-0.9515f,-0.0625f,0f,0f,0f,1f],start_interpolation: 0,interpolation_duration: 1}
$data merge entity $(bone_leftarm) {transformation: [-0.8649f,0.041f,0.5002f,0.1784f,-0.2492f,0.83f,-0.499f,0.5015f,-0.4356f,-0.5562f,-0.7077f,0.0469f,0f,0f,0f,1f],start_interpolation: 0,interpolation_duration: 1}
$data merge entity $(bone_staff) {transformation: [-0.0165f,-1.1905f,-0.3704f,0.325f,-0.5399f,0.3407f,-1.0711f,0.4375f,1.1238f,0.1462f,-0.52f,0.2995f,0f,0f,0f,1f],start_interpolation: 0,interpolation_duration: 1}
$data merge entity $(bone_jacket) {transformation: [-0.9947f,-0.0059f,0.1029f,0f,0f,0.9983f,0.0575f,0.522f,-0.1031f,0.0572f,-0.993f,-0.0247f,0f,0f,0f,1f],start_interpolation: 0,interpolation_duration: 1}